  0.345627934    
   1.73455751    
  0.177146390    
   4.86221351E-02
  0.377981752    
   1.18915653    
   2.08680558    
  0.317993224    
  0.669606388    
   6.41690716E-02
   8.76991451E-02
   1.49332881    
  0.237061590    
  0.562786102    
  0.418575078    
   1.06841147    
   1.84957290    
   9.51039046E-02
  0.451748013    
  0.503246129    
  0.330588967    
   2.93372703    
   1.47218370    
  0.602525949    
   5.64781502E-02
   1.01086628    
  0.854138851    
   5.06639671    
   2.09399890E-02
  0.685829878    
  0.417193502    
   2.21924819E-02
  0.523286760    
   6.03580428E-03
   9.42656547E-02
   1.34840035    
   1.00190401    
  0.167042241    
   1.37610424    
  0.281521976    
  0.717596889    
  0.357351780    
  0.734594464    
  0.539293647    
   1.97287452    
   3.26164174    
  0.639580786    
  0.155047432    
   1.81764102    
   2.62965345    
   1.10259140    
   2.27427149    
  0.519920468    
  0.423050553    
  0.705950201    
  0.393289506    
   2.40861630    
   1.36017752    
   1.35682631    
  0.571422458    
  0.440468132    
   1.27026427    
   3.18927979    
  0.219639122    
   2.26576781    
  0.105533674    
  0.762302577    
   3.56122971    
   1.11290932    
   3.47545719    
   1.18823659    
   1.24918067    
   5.87288626E-02
  0.173736989    
   2.65572000    
  0.513604939    
  0.642532468    
  0.766648591    
  0.347241521    
  0.484851122    
   3.67853791E-02
   3.56455483E-02
   2.53156442E-02
   1.33134544    
  0.128281996    
  0.441293567    
  0.552418888    
  0.590368092    
  0.317794591    
  0.860560179    
   1.20178962    
  0.402769774    
  0.352000386    
   2.44178534    
   1.46725452    
   2.40199518    
   1.31724727    
   2.21300181E-02
   3.51976871    
  0.329523116    
  0.182749823    
  0.767217517    
  0.148703545    
  0.346825421    
  0.206590727    
  0.601504266    
   2.55665350    
  0.952031314    
  0.223903626    
  0.773054898    
  0.354807079    
   4.21278402E-02
  0.135850281    
  0.971098721    
   4.59462851E-02
   1.06619477    
   1.27711368    
   2.37974691    
  0.489181936    
   9.50981379E-02
  0.294616878    
  0.987330914    
   5.89813292E-03
  0.262701750    
   1.53785670    
  0.809292138    
   1.17141581    
   1.02033412    
   7.19839111E-02
   2.44342542    
  0.376858383    
   1.22494185    
   3.20489335    
  0.622391820    
   1.49778426E-02
  0.933376431    
   1.51370072    
   2.09359117E-02
  0.774953127    
  0.248259068    
  0.687352300    
  0.221131891    
   1.81453991    
   1.59916711    
   1.53688061    
  0.671372771    
  0.156926960    
   1.68472338    
  0.159272850    
  0.285870790    
  0.808857858    
   1.25561345    
   1.44676507    
  0.996778965    
  0.151658729    
   4.26072168    
   1.31586683    
  0.102766737    
  0.742712259    
  0.227432638    
  0.320640385    
   1.79603243    
  0.293772548    
  0.399748057    
   2.00704789    
  0.263980061    
   1.11055875    
   2.67594215E-02
  0.302166194    
  0.138534263    
   1.94853592    
   2.57210755    
  0.102421254    
  0.897390604    
  0.951320708    
  0.583814859    
  0.143444419    
  0.480880082    
   5.62614389E-03
   2.04792333    
  0.369340360    
  0.152556241    
   1.45072198    
   2.19729590    
  0.354401082    
   5.10621214    
  0.635099590    
   6.78043300E-03
   1.00377655    
  0.858410954    
  0.207628652    
   2.48196793    
   4.55347061    
   6.52885914    
   7.92716295E-02
   4.82853508    
   4.31925580E-02
  0.958814144    
   4.60063219E-02
  0.358104110    
  0.126154616    
  0.842883587    
  0.384679735    
  0.521263003    
  0.416982591    
  0.611838579    
  0.300638169    
  0.953886747    
  0.445993602    
   3.15964437    
  0.953254879    
  0.390707552    
  0.361353010    
  0.138253674    
  0.318467975    
  0.738710463    
  0.117597707    
  0.878003180    
  0.504046321    
  0.191465601    
  0.934165716    
   2.27746320    
  0.821805060    
   2.16475632E-02
   2.21348310    
  0.858061254    
  0.464603275    
  0.355775416    
  0.774382532    
   4.35353613    
   1.56014621    
   2.26280260    
  0.616080046    
   1.54326642    
  0.844071090    
   1.92474055    
   1.44858301    
  0.365792215    
  0.499179840    
   7.52847716E-02
  0.879387975    
   2.77549219    
  0.364623755    
  0.251666546    
  0.954908729    
   3.91547866E-02
   2.47623008E-02
   1.05686772    
   2.83512831    
   1.31869817    
  0.125050336    
   1.47127533    
  0.666631103    
   1.08231449    
  0.138312951    
  0.112231478    
  0.717800677    
  0.544916809    
   1.39023101    
  0.524967432    
   3.26462314E-02
  0.130314305    
   4.32633050E-03
   6.03555031E-02
   3.78606394E-02
  0.745082498    
   5.39525077E-02
  0.402025610    
  0.380766541    
   1.03006983    
   2.03338099    
  0.732359350    
   2.36797094    
  0.254672259    
   5.41394901    
  0.225296989    
   3.64825428E-02
   1.42205822    
  0.441003919    
   1.80872238    
  0.957302690    
  0.633975208    
  0.670397460    
  0.683117330    
  0.522179246    
   1.20230579    
  0.494428039    
  0.594734132    
  0.712311685    
   3.05191612    
  0.883807898    
   2.17604065    
   3.10869098    
  0.775389194    
   1.41081953    
  0.384475648    
  0.604300737    
   1.76127434    
  0.193790272    
  0.737114012    
  0.563057661    
   2.75767159    
  0.877904236    
  0.321889967    
   1.35725033    
  0.675131142    
   1.42203879    
   2.57403874    
  0.619239092    
  0.261159360    
  0.154575229    
   1.14596570    
   2.17054129    
  0.813243687    
  0.959084392    
  0.523719907    
   3.64193022E-02
  0.582122862    
  0.870950937    
  0.389902651    
  0.458945155    
   5.01546897E-02
   1.69976807    
  0.192703143    
  0.794089258    
  0.804147363    
   3.91227436    
  0.224557608    
   2.16826344    
  0.700619280    
   1.93649602    
   2.95388028E-02
   1.49417567    
  0.559420168    
   3.72147799    
   6.33222914    
   1.50552201    
  0.113394052    
  0.504956305    
  0.401173562    
   2.27130985    
  0.965808272    
   1.52913952    
  0.366452813    
   2.18102765    
  0.714361370    
  0.203073487    
   1.60536754    
  0.574939549    
   3.73156555E-02
  0.775777996    
  0.421851993    
   1.02377176    
  0.418727279    
   1.63047433    
   2.43072748    
  0.818294406    
   3.34222698    
  0.472579956    
   8.58538970E-02
  0.597950876    
  0.936565280    
  0.373398840    
  0.618281305    
  0.915654123    
   1.02721572    
   1.05234432    
  0.789026499    
  0.635196328    
  0.223719627    
  0.763318300    
  0.482297957    
  0.129282281    
  0.418543935    
  0.110477559    
  0.309817076    
  0.598674715    
   1.02081811    
   1.72073972    
   2.35193409E-02
   3.92898440    
   2.14074273E-02
  0.631185949    
  0.295883775    
  0.132155776    
   1.71529055    
  0.486004472    
   5.16352272    
   3.73309278    
  0.305250794    
   2.78567052    
   9.68278870E-02
   2.24724960    
  0.562599957    
   2.69940543    
  0.355549157    
  0.500966370    
   1.89423788    
  0.171857327    
   5.57337217E-02
  0.223288387    
   1.86610663    
  0.254956275    
   2.55697155    
  0.129746273    
  0.603493273    
   2.88832641    
  0.568686604    
  0.654641092    
  0.267866284    
  0.495423079    
   1.55565727    
  0.615613043    
   2.92001557    
   2.95247436E-02
  0.595307231    
  0.809821129    
   1.91640580    
   1.16283858    
   1.79577422    
  0.841742873    
  0.692137063    
  0.451347470    
   3.67834544    
   3.51954885E-02
  0.169666573    
  0.171170354    
   1.26502168    
  0.527049422    
   5.11589956    
  0.838082790    
   2.37722683    
   2.95055890    
  0.764424920    
  0.452149272    
  0.164942831    
  0.475693882    
  0.166237980    
   1.10909665    
  0.958151817    
  0.235720724    
  0.505780399    
   1.84163094    
  0.103783987    
   6.93343356E-02
  0.338192761    
  0.685862660    
   1.54104793    
  0.816953182    
   1.17759693    
   1.11026907    
  0.734814167    
   1.24917686    
  0.193547934    
  0.439993799    
  0.432464480    
  0.187244192    
   8.20340738E-02
   1.92994356    
  0.598770738    
  0.930807769    
  0.833848894    
  0.113806657    
   1.95009589    
  0.833634555    
  0.355278045    
  0.278475285    
  0.600452185    
   1.12465394    
   1.05707932    
  0.391579568    
  0.507188857    
   4.37645483    
   3.94421959    
   3.23124790    
  0.280274034    
  0.126799434    
  0.195067436    
  0.759190559    
   2.74713302    
  0.662790000    
   1.20665205    
  0.660056710    
   2.07389092    
   1.59262848    
  0.514448881    
  0.468162060    
   1.38399172    
  0.478438199    
   3.05435896    
  0.390937686    
  0.542850614    
  0.188179776    
  0.237009913    
  0.170300797    
   1.75760329    
  0.887767434    
  0.336971432    
  0.872599900    
  0.357668459    
  0.444237798    
  0.719477117    
   1.11493206    
   4.67610216    
  0.133262485    
   2.14094114    
   1.44426274    
   1.26313019    
  0.864002347    
  0.720966697    
   1.02745986    
   1.42418563    
   8.90970007E-02
   1.15721452    
   2.01469469    
  0.228404120    
   2.47432780    
  0.121783487    
  0.374352336    
   1.21324658    
  0.539294541    
  0.193468809    
  0.424851388    
  0.731425643    
   3.40026546    
   1.14722157    
  0.169307724    
   1.50774086    
  0.848018289    
   1.39856851    
  0.708654940    
   1.66087401    
  0.332628310    
  0.545361996    
   2.02272272    
  0.719904065    
   1.66893816    
   2.53022337    
   2.56369328    
  0.275582463    
   6.17751293E-03
   8.35646130E-03
   1.85135376    
  0.918809712    
   1.03828263    
   1.12517309    
   1.45107806    
   1.16325402    
  0.646526515    
   3.58201981    
  0.254434228    
   7.87555203E-02
  0.672005892    
  0.381626785    
   3.27124335E-02
  0.307069600    
  0.964353323    
   1.95991206    
   1.35614109    
  0.741428614    
   1.63740325    
  0.612903535    
  0.425332010    
   1.29603744    
  0.133722350    
  0.690043747    
  0.151861921    
   1.79212570    
  0.849934280    
  0.554480314    
   1.08514476    
  0.251696110    
  0.342009842    
  0.674697578    
  0.988814533    
   2.46425200    
  0.872494817    
   6.18130751E-02
  0.712800443    
  0.304832071    
  0.572283745    
   1.80893874    
   2.77681184    
  0.672576904    
  0.301768363    
  0.601704240    
   4.51936245    
  0.294300169    
   2.48600388    
  0.509053946    
  0.904179335    
   2.46671844    
   1.39030635    
  0.914576232    
  0.755500734    
   1.37686849    
  0.632919133    
  0.294631898    
  0.516242504    
  0.918867826    
   2.51631904E-02
   2.77434830E-02
  0.138393849    
   1.27083778    
  0.644906938    
  0.435745090    
  0.938889742    
   1.52252555    
  0.156410664    
   1.33432627    
   1.53090262    
   1.09777296    
   1.79641223    
  0.724346220    
   6.10310882E-02
   1.59583557    
   9.95483994E-02
  0.567741215    
  0.273025841    
  0.380327225    
   4.46225069E-02
  0.960809469    
  0.948216379    
   2.76099563    
  0.819914103    
  0.370737910    
  0.639685094    
   9.79077369E-02
   1.05649960    
   1.40287960    
   3.30374146    
   3.34894180    
  0.238006264    
  0.618149817    
  0.796253502    
  0.210173920    
   1.14171851    
  0.103436433    
  0.881200850    
   2.01169848    
  0.970659494    
   1.00641620    
   1.99387813    
  0.100153945    
  0.885907531    
  0.172406033    
  0.776386440    
   1.27828145    
  0.172675818    
  0.677066505    
   1.79646134    
  0.104411557    
  0.204541206    
  0.634078920    
   2.08005548    
  0.764477789    
   1.99992001    
  0.663747191    
   1.30897272    
  0.419991046    
   1.07703280    
   1.02130985    
  0.395940900    
   1.21794450    
   1.36622465    
   7.88650960E-02
  0.865441620    
  0.232702583    
   1.15260994    
   1.16987324    
  0.169461429    
   1.28872418    
   1.31008077    
   6.62146434E-02
  0.510558188    
  0.117905945    
  0.374776512    
  0.912440598    
   1.69332552    
   1.55146337    
  0.429371774    
  0.617184520    
   5.25766350E-02
   1.16738224    
  0.645005345    
   2.72256660    
  0.441674799    
   2.83295065E-02
   1.26019168    
   2.21925259    
  0.435390711    
   2.34888196    
   2.13847017    
  0.116729811    
  0.375284463    
   1.46505499    
   1.61166847    
  0.438316047    
  0.810648441    
  0.160191983    
   7.76808113E-02
  0.882802129    
   7.76939541E-02
   3.80455661    
   1.26263285    
  0.282286763    
   1.94401157    
   2.83117485    
  0.133403331    
  0.791105807    
   1.20263994    
   4.03585148    
  0.380376637    
  0.113087460    
  0.114660583    
  0.153811172    
   1.16103053    
  0.139394507    
   1.23882270    
  0.150528699    
   5.27430624E-02
  0.351566792    
  0.566047907    
  0.849098504    
  0.319103509    
  0.162846074    
   2.18116879    
  0.359896332    
  0.672549665    
   3.51509476    
  0.400929123    
   1.52103603    
  0.255408019    
   8.91665695E-04
  0.661471009    
   9.69625115E-02
   7.85616189E-02
  0.947573662    
  0.928469300    
   1.50518906    
  0.125035062    
   1.75580287    
  0.133792460    
  0.675107360    
  0.802672565    
   2.22778606    
   1.16302633    
   1.09095085    
   9.91590694E-02
  0.528935671    
  0.164572179    
  0.831861019    
  0.756107271    
  0.757270992    
   6.60982281E-02
   1.11849594    
  0.509988427    
   1.01120102    
  0.629414022    
   1.39201725    
   2.16043806    
  0.846461296    
   2.85145164    
  0.310281634    
   1.30342841    
  0.523788512    
   2.77823710    
   5.66708408E-02
   1.59991419    
   1.20506716    
   1.32467711    
  0.572152436    
   2.97029149E-02
   2.13976574    
  0.605244279    
   2.21335173    
   2.14827800    
  0.283970267    
  0.152186662    
  0.232673019    
  0.728759348    
  0.491052717    
   2.39951229    
   1.19711852    
   2.49883723    
   1.82947218    
  0.102884650    
   1.01268899    
  0.545951903    
  0.616682053    
   1.09031117    
   3.76837328E-02
  0.398048878    
   1.52765608    
  0.713029861    
   1.19419217    
   2.64812708E-02
   1.76237726    
  0.317485183    
  0.738073528    
  0.177947223    
  0.786388099    
  0.173976064    
   1.14987564    
  0.418310165    
   1.63056195    
  0.148062065    
  0.467159450    
   1.27068889    
   2.23516774    
   1.55311954    
   2.74470925    
   1.42922854    
  0.965736866    
  0.806780159    
  0.331237823    
   9.22595412E-02
  0.482953995    
   3.35934639    
  0.753221035    
   3.01803994    
  0.185455948    
   4.01794873E-02
  0.232194215    
   2.94690776    
   1.42748761    
  0.653068423    
  0.125619411    
  0.573417187    
   2.28588843    
   1.51530600    
   1.13058925    
  0.447519273    
  0.513889492    
   1.04390776    
  0.200659782    
   8.68428275E-02
   2.31355596    
  0.431107342    
   2.79492927    
   7.91376686    
   3.74572659    
   1.72875607    
   1.83909297    
  0.486370683    
  0.224889234    
   2.58231688    
   4.01922607    
  0.396140188    
   1.00302577    
   4.65787315    
   1.06393385    
   2.50940824    
   3.29284549    
  0.950052381    
  0.519466460    
   1.71445739    
   4.61469364    
   1.09633994    
   6.06495067E-02
  0.763142705    
   7.64487162E-02
  0.649583101    
   1.23420930    
   4.40795755    
   5.30490828    
  0.636993825    
  0.304092765    
   2.53486609    
  0.930230677    
  0.115704805    
  0.776951194    
   2.58717628E-04
   3.22537231    
  0.350400180    
   2.99420413E-02
   1.00406897    
  0.134603694    
   2.72710729    
   1.05537748    
   6.41391352E-02
  0.548059106    
   4.52956724    
  0.836648643    
  0.508909464    
  0.173739895    
   1.15515709    
  0.515514493    
   2.75312233    
  0.405617177    
   1.56953335    
  0.136568964    
  0.191355526    
   1.34755754    
  0.614170074    
  0.119157866    
   5.02101660    
  0.117929958    
   1.65890455    
  0.146563441    
  0.170900255    
   1.43050385    
  0.398980439    
   3.25917341E-02
   2.52354670    
  0.930399776    
   1.10875154    
  0.333818644    
  0.275393963    
   3.37382555E-02
   3.81823587    
   2.32527924    
   5.84501438E-02
  0.808197498    
   1.96677864    
   2.34001827    
  0.212481871    
   1.70544064    
   1.07323384    
   1.78242004    
  0.793329597    
  0.516217232    
  0.766330421    
  0.221401542    
  0.443604529    
  0.724136293    
  0.571898878    
   3.65017605    
  0.432713151    
  0.870104671    
   2.45326829    
   3.68855143    
  0.292454183    
  0.181011796    
   1.24210942    
  0.735450923    
   1.46099687    
  0.324302047    
   2.59559822    
   2.96213961    
  0.470317245    
  0.443497241    
   8.63616616E-02
  0.655044258    
   6.50838390E-03
  0.375832617    
   2.78320479    
  0.938499331    
  0.393959850    
   1.74235129    
  0.767526567    
  0.612588406    
  0.459818721    
  0.578719795    
  0.244704887    
   7.74125457E-02
  0.208050042    
  0.422556877    
  0.192446902    
   3.98932910    
   8.93268436E-02
   6.52755350E-02
  0.556291938    
  0.586569190    
   1.66668105    
  0.355875134    
  0.628638864    
  0.591519713    
   1.74184823    
   1.11683476    
   1.34300411    
   2.93472910    
   3.09431124    
  0.587498367    
  0.160230383    
   1.49307835    
  0.920374453    
   2.46866625E-02
   2.85756588    
  0.699555635    
   1.82855535    
  0.874123931    
  0.275658965    
  0.304030389    
   6.32272512E-02
   3.28837228    
  0.500321686    
  0.465232849    
   1.38548243    
   8.91267136E-02
   4.49625683    
  0.523516119    
   9.90756154E-02
   8.97737145E-02
   4.74057436    
   1.79696524    
  0.649178028    
   2.84222960    
  0.424351335    
  0.810207546    
  0.308382332    
  0.504029632    
   2.21847129    
  0.675678551    
  0.683985114    
   1.34625077    
  0.119004846    
   2.25402173E-02
  0.357927352    
  0.712678611    
  0.253840417    
   1.07059896    
  0.146178767    
   7.81863108E-02
  0.163475633    
  0.962661028    
  0.560019732    
  0.388036579    
  0.487439245    
   1.61186504    
  0.421167612    
   1.35856128    
  0.168494448    
  0.721498430    
   1.39099848    
   3.65977979    
  0.946417987    
   1.32671928    
  0.503689826    
  0.582925320    
  0.935749054    
  0.148403987    
  0.226755679    
  0.716443896    
   6.53250366E-02
   1.50383663    
  0.407496035    
  0.879884005    
  0.426052392    
  0.886617362    
  0.624156773    
   9.05290544E-02
   1.88720000    
  0.171073735    
   1.44752848    
   2.28480458    
   2.22220278    
   1.24736929    
   1.12015724    
   5.63928270    
  0.321884781    
   1.91134155    
   2.83404875    
  0.521368086    
  0.304519713    
   3.39084506    
   2.16517329    
   7.91736245E-02
  0.567536354    
  0.863215923    
  0.380396426    
  0.138176337    
   1.45423603    
   1.14031589    
  0.218357429    
  0.421477884    
   7.34726638E-02
  0.737562895    
  0.578311324    
   2.88536382    
  0.115003161    
   1.28374660    
   1.64264202    
   1.97423458    
   2.73958993    
   1.44803476    
  0.234828487    
  0.245814711    
  0.609656274    
  0.424892515    
   1.22119439    
   1.58506787    
   1.39535832    
   1.46761358    
  0.777458191    
  0.123958394    
   2.62344313    
  0.589470208    
   1.73927927    
  0.845846057    
  0.936054230    
  0.819894195    
  0.338072240    
  0.521720171    
  0.385422498    
  0.277513266    
   5.67700081E-02
   9.60642993E-02
   1.49344587    
  0.748599946    
   2.70072865    
   1.44590676    
   1.87940967    
  0.615579307    
   1.06810546    
   3.56406450    
  0.443313003    
   4.75561237    
  0.506122470    
   5.13175363E-03
  0.772607327    
  0.726774693    
   1.06470621    
  0.587038994    
   1.89740193    
  0.311822772    
   1.84996665    
  0.453150153    
   3.15101790    
   2.17055535    
   1.51381612    
  0.630161703    
  0.500963032    
  0.227465779    
   1.13707566    
   2.27917075    
   2.07815051    
  0.540138006    
   1.20720279    
  0.227853388    
   1.89717615    
   1.29702270    
  0.498613358    
  0.374118984    
  0.179626197    
   1.34164560    
   6.98955208E-02
   1.01713395    
  0.331610203    
   1.93664598    
   1.65959501    
  0.254252285    
  0.761490345    
  0.228816077    
  0.603529334    
  0.503680110    
   2.47839499    
   1.05392408    
   1.17463613    
  0.481541991    
   4.98213395E-02
   2.10878134    
   1.25562239    
   1.10748982    
  0.905058026    
  0.547619224    
  0.177227363    
   1.22540641    
   1.75378907    
  0.924167335    
   3.53352261    
   1.02334833    
   1.79551506    
  0.325604916    
  0.388481021    
  0.439938933    
   1.14393246    
  0.937950194    
  0.285608709    
   1.09957612    
  0.364617586    
  0.616209865    
   8.21623802E-02
  0.403689057    
   1.19309115    
   1.47282743    
  0.814789891    
   1.48965144    
  0.583705246    
   2.09535909    
  0.927390516    
   1.10027421    
  0.695393920    
  0.238026753    
   1.09420502    
   1.10556006    
   2.41942239    
   1.18358839    
  0.172098443    
  0.496865332    
   4.63857278E-02
   1.66929103E-02
   2.05904269    
   2.00202227    
   2.43113661    
  0.420812458    
  0.357639581    
   3.81300187    
   1.55598855    
  0.134540886    
   1.68057442    
  0.284756422    
  0.132599473    
  0.196699306    
  0.889788449    
  0.902820230    
   2.94245593E-02
   1.84501398    
  0.293657005    
  0.234749556    
   1.01815617    
   3.25471854    
   5.19993067    
   2.03066707    
  0.186748996    
  0.571651518    
  0.294813752    
   9.72448010E-03
   1.06578434    
  0.956519961    
   2.75258962E-02
  0.845730186    
   1.72701851E-02
  0.191882402    
  0.256961197    
   7.77817667E-02
   1.02749312    
   1.20223904    
   5.71889244E-02
  0.490116775    
   3.45056796    
  0.592881739    
  0.418555617    
   1.42975676    
  0.504870653    
  0.417299181    
   2.50929666    
  0.741984963    
  0.321339607    
   9.56014320E-02
   1.75288880    
   2.85927150E-02
  0.543283939    
  0.368363947    
   1.20993918E-02
  0.360739887    
   3.68295945E-02
  0.127137125    
  0.217277572    
   1.64976168    
   4.62008119E-02
   1.27091086    
  0.641531050    
   2.47991967    
   1.19816649    
  0.371445388    
   5.15302467    
   1.56261706    
   4.42570411E-02
  0.438734829    
   5.32232666    
   1.30636644    
   1.52821994    
  0.316930145    
  0.751195252    
  0.411861986    
  0.181370020    
   2.67411089    
   1.21736622    
  0.493828267    
  0.199854463    
  0.511333942    
   1.54875588    
  0.639652908    
  0.485482991    
   1.14880359    
   1.15296388    
  0.174338371    
  0.788783073    
  0.101054847    
   1.66780043    
   1.04488683    
  0.250766397    
   1.54136860    
   1.72422671    
   1.90944374    
  0.116361529    
  0.156871602    
   1.52104282    
   2.03594255    
   1.22442293    
   2.40071559    
   2.97157526    
  0.587854326    
   2.79813600    
  0.896841884    
   1.06122303    
  0.742183506    
  0.444208533    
   2.46443892    
  0.108805589    
   1.21864545    
   1.30797267    
  0.183889508    
  0.826677203    
  0.892809331    
  0.896851778    
   3.08319736    
   1.17817712    
   2.24257398    
  0.196974576    
  0.422825754    
   2.64637280    
  0.591356218    
  0.465002507    
   2.08953749E-02
  0.988477349    
   1.82216215    
   1.65209961    
   2.23447251    
   2.78532767    
  0.613637686    
  0.544897616    
  0.292828768    
  0.620727360    
   6.31036377E-03
  0.517320573    
  0.530788660    
   6.05835803E-02
  0.557058215    
  0.219496354    
  0.415331990    
   2.21204497E-02
   1.59735608    
  0.188062146    
   1.53159332    
   1.69224656    
  0.415839225    
   2.11737585    
  0.306947917    
   3.00737953    
  0.374892175    
   4.48771976E-02
  0.457019687    
   2.58073950    
  0.717692554    
   1.36606848    
   2.29865980    
  0.526148796    
   1.00699294    
  0.240330771    
  0.759080291    
  0.700232506    
   1.97310603    
  0.152099013    
  0.812386870    
   1.82462966    
  0.903348446    
  0.161117420    
   8.96335989E-02
  0.391963392    
   2.37398291    
  0.648198068    
  0.207856759    
  0.113378897    
   1.96395552    
  0.384934068    
  0.243541762    
  0.552540302    
  0.233185992    
   1.04505777    
  0.519615650    
   2.51564622    
  0.630395532    
   1.95091617    
   1.00124645    
  0.413719654    
  0.537073970    
  0.359371096    
   1.23621416    
  0.663005829    
   1.96628749    
   1.34319639    
  0.499171495    
  0.233580649    
  0.779239058    
   1.58564126    
  0.543022037    
  0.795939147    
  0.221170411    
  0.917433321    
  0.429411054    
  0.345254868    
   5.34011650    
  0.665852129    
  0.362600923    
  0.754087806    
   1.59513199    
  0.199178681    
  0.368097693    
  0.241462454    
  0.972126186    
  0.230257705    
   9.25147608E-02
   1.47384286    
  0.552225769    
  0.577365041    
   4.20607233    
  0.439988822    
  0.726622224    
   3.16451693    
  0.464566767    
   2.89253449    
   2.07857752    
  0.309157610    
  0.708630860    
  0.928628325    
  0.756198168    
  0.548090458    
  0.958346844    
  0.129124925    
  0.263282120    
  0.528541625    
   2.14127326    
  0.599490464    
  0.527488828    
  0.518045783    
   1.83865786    
  0.712791204    
   1.01382172    
   1.02320778    
   1.73419595    
  0.517345786    
   1.96761739    
   1.03791332    
  0.843578577    
   1.88702345    
  0.753499091    
   1.62521029    
   3.69314514E-02
   1.21022439    
  0.142099157    
   3.55869345E-02
  0.840182245    
  0.926588476    
  0.119200774    
   1.50685763    
  0.729176760    
   1.01020074    
  0.755472302    
  0.883804560    
   1.77171099    
   2.38518810    
   2.62319922    
  0.456094950    
  0.194563642    
   2.31513929    
  0.735306680    
  0.188629314    
   1.84922886    
  0.506502271    
   2.57163000    
  0.273934275    
  0.327480078    
  0.515591085    
  0.791330397    
  0.208295271    
  0.442141473    
  0.559274197    
   2.92254639    
  0.737625480    
  0.340550542    
  0.444684863    
   5.72427623E-02
  0.229371458    
  0.194883734    
  0.791968286    
   4.59537730E-02
   2.50779819    
  0.277349889    
  0.263099551    
   1.98804748    
  0.950646698    
  0.188787818    
   2.19873643    
   1.92187224E-02
  0.920100808    
   2.13147926    
  0.728117108    
  0.558074951    
   1.62526453    
   5.20209372E-02
  0.398468316    
  0.275532305    
  0.618789673    
   1.52107370    
   1.32220554    
   1.91285694    
   1.38786006    
  0.324160188    
  0.556288540    
  0.106435791    
   9.20161456E-02
  0.171426713    
   1.10556936    
  0.237224787    
   1.14319754    
  0.208505601    
   5.11473799    
  0.827345133    
   1.56057155    
  0.967666507    
   2.13758183    
  0.834159970    
  0.665080309    
  0.127937421    
  0.767600000    
  0.226724207    
   1.08980846    
   1.34618366    
   5.92118120    
  0.157541558    
   1.08443666    
  0.126917377    
  0.124858387    
   1.51028323    
  0.583402574    
   1.06013680    
   1.35151371E-02
  0.184247971    
   1.35013604    
   3.50536220E-02
  0.152042255    
   2.85055208    
   1.48931682    
  0.102846667    
   2.08991647    
   5.36170197    
  0.220332295    
  0.153923437    
  0.580402017    
   1.37004793    
   1.88072848    
   3.36113274E-02
  0.805494308    
  0.244051829    
  0.363686413    
  0.340580285    
  0.733333409    
   1.26874208    
  0.770341992    
   1.37940753    
  0.101982236    
  0.262345582    
  0.545263052    
   1.91132617    
  0.402024090    
   6.20223358E-02
  0.694497287    
   3.85133338    
   2.58749676    
  0.128260314    
  0.732581913    
   2.20745420    
  0.152734473    
   1.21596467    
   1.58782279    
  0.956831634    
   1.07567692    
   1.20404768    
   4.83775902    
  0.965745807    
  0.892294228    
  0.134648979    
   1.38776171    
  0.145607993    
  0.182215944    
   3.05975080E-02
   2.70753112E-02
   1.36848247    
  0.995876431    
   1.80656266    
   2.96668577    
  0.445224404    
   2.36706376    
   1.35236559E-02
  0.439227819    
  0.134351283    
  0.630994678    
   4.05235624    
   6.86105341E-02
  0.987958193    
   2.04366827    
  0.221988842    
   1.82903254    
   2.42704630    
  0.235732347    
   7.96467662E-02
  0.947495580    
   1.33878505    
   1.16620421    
  0.591415048    
  0.435033262    
  0.458031356    
  0.984158814    
   1.45257676    
  0.512125134    
   1.39126968    
  0.730543613    
  0.389306039    
  0.303165168    
   6.93588033E-02
  0.990843892    
   1.06962037    
  0.600668609    
   1.62016392    
   1.95382965    
   1.44898319    
  0.682579994    
  0.430392742    
   1.14520001    
  0.234588951    
   1.26561320    
   1.87165034    
   1.56387174    
  0.132947505    
  0.403245330    
  0.400547296    
   1.47400844    
  0.240369886    
  0.752542377    
   1.20257699    
  0.467367411    
  0.231227368    
   7.09677115E-02
  0.304339111    
   1.00056982    
   1.82752514    
  0.254559457    
  0.237876505    
   2.68663406    
  0.922744870    
   1.54342842    
  0.355093360    
   2.01121736    
   8.32181424E-02
  0.975800276    
  0.249240309    
  0.608428240    
  0.703706145    
  0.304661334    
  0.319989443    
   2.22599363    
   1.72520268    
   1.07293093    
   1.73415399    
  0.971026003    
  0.200576514    
  0.764298320    
   3.57611254E-02
  0.272663474    
   1.17858624    
   3.32817602    
   1.26412436E-02
  0.844476700    
  0.744502902    
  0.197451621    
   1.85192144    
  0.959714651    
   4.70032096E-02
  0.372041851    
   9.22948346E-02
  0.440714478    
  0.141823068    
  0.323137879    
  0.802545130    
  0.211693645    
  0.878542840    
   1.81939244    
  0.508950710    
  0.766272068    
  0.223196656    
   5.23199737E-02
   7.09467828E-02
   3.17483917E-02
  0.924299657    
  0.327039748    
  0.841968358    
   1.05322134    
  0.338229716    
  0.331766248    
   1.40970409    
  0.624480188    
  0.605827868    
   3.66896009    
   1.18195534    
  0.118177526    
  0.558883905    
   1.32567382    
  0.213024855    
   1.48960066    
   9.03393775E-02
   6.15314692E-02
  0.100316688    
   1.26147199    
  0.102845937    
   1.92267429E-02
  0.588530064    
  0.549323499    
  0.101723403    
  0.204916880    
   1.60895526    
   1.38657999    
   1.77495968    
   8.71602669E-02
  0.165228695    
  0.591104329    
  0.502141058    
   1.44754601    
   5.36637381E-02
   1.20579791    
  0.904907286    
   3.24092746    
  0.636582315    
   1.94427764    
   1.37294233    
  0.363893270    
   1.30598497    
  0.320741743    
   1.95073164    
   3.64649248    
  0.598083854    
  0.394426972    
   1.56222868    
  0.663105190    
  0.606451631    
  0.559445143    
   3.90849853    
  0.137590140    
   1.14665484    
  0.462535411    
  0.152831480    
   1.44292307    
  0.579465091    
  0.355651557    
  0.801360607    
  0.595043778    
  0.128360406    
  0.444710314    
   2.66149616    
  0.260231704    
   2.27837396    
  0.459152758    
  0.481947362    
   9.23101306E-02
  0.502887547    
  0.427084208    
   1.25479221    
  0.776392639    
  0.650711775    
   1.30883706    
   1.02454817    
  0.269906819    
  0.206096992    
  0.752718627    
  0.444944859    
  0.265901774    
   2.14126515    
  0.950681865    
  0.672753751    
  0.175398886    
  0.112329103    
   2.47906502E-02
  0.636637330    
   1.32746565    
  0.979511499    
  0.529169679    
   3.92510295    
   1.45443035E-02
   1.63965774    
  0.613863587    
  0.583289683    
   6.65299296E-02
  0.400030613    
  0.279777795    
  0.350369573    
   1.67536378    
  0.411386102    
  0.931549489    
   1.64711094    
  0.432962835    
  0.257303059    
   1.56874728    
  0.141445488    
   5.94132170E-02
  0.241565049    
   1.54802743E-02
  0.528981268    
  0.124660745    
  0.751674294    
   1.38984859    
  0.180343851    
  0.942432523    
  0.687778711    
  0.565140963    
  0.121338911    
   5.42504899E-02
  0.159631133    
  0.751342714    
  0.197067618    
   3.30021000    
  0.182470500    
  0.918243706    
  0.914242327    
  0.328802586    
   1.99521232    
  0.540035844    
  0.362263918    
  0.995233953    
  0.693135142    
  0.392780423    
   2.06974554    
  0.554556131    
  0.984187245    
  0.654379368    
   3.87389585E-02
  0.649206519    
   5.44634573E-02
  0.774789631    
   4.48653793    
  0.103902481    
  0.417967886    
   2.23238683    
   1.13380873    
  0.230351955    
   1.43605435    
   7.98335746E-02
   1.38197112    
  0.461146057    
  0.351490796    
   2.24250937    
  0.177220538    
  0.610373139    
  0.238885596    
  0.848364830    
   2.21019053    
  0.238196611    
  0.190835580    
  0.106426179    
  0.455226213    
   2.22752666    
   3.17907953    
   2.36967444    
   3.82336229E-02
   1.27631414    
  0.559458017    
   4.26622343    
   1.02903366    
   1.38301265    
  0.247018471    
  0.841238737    
  0.819558620    
  0.833214164    
   8.89245421E-02
  0.985399842    
  0.833942473    
   1.33848774    
   2.04788232    
  0.467528105    
  0.273972511    
  0.778368831    
   1.80638321E-02
   2.83183455E-02
  0.276465148    
  0.942088902    
  0.855643094    
   7.76623264E-02
   1.05960080E-02
   1.25702763    
  0.331603378    
  0.755025446    
  0.110637732    
   1.76561916    
   6.16545752E-02
  0.149029613    
   1.35657084    
   1.10103285    
  0.635774374    
   2.91835926E-02
   9.80821475E-02
   1.22242235E-02
  0.158764347    
  0.119281761    
   2.03359866    
   1.43527210    
  0.766950488    
   1.06882203    
   2.72820234    
   4.48310673E-02
  0.415263653    
   1.13329303    
  0.148395479    
   1.10380661    
  0.140014663    
   3.19510078    
  0.255980998    
  0.646512389    
  0.692810476    
  0.789649963    
  0.256492496    
  0.770838320    
  0.319083065    
   4.46639545E-02
   1.06610942    
  0.155858263    
   4.22659636    
   4.10869205E-03
  0.408650517    
  0.528517246    
  0.528900743    
  0.684729099    
  0.266344309    
   1.86935091    
  0.960240364    
   1.95808589    
   1.86716115    
   2.13064575    
  0.149738446    
   1.28845024    
   6.22369396E-03
  0.700131536    
  0.609636307    
   1.12684929    
  0.463661253    
  0.464521527    
  0.116249040    
  0.453259706    
   1.01834667    
   1.02586138    
  0.758102596    
  0.340753913    
   2.20899391    
   2.02168918    
  0.661828339    
   1.52774227    
   1.61897266    
   3.07238436    
   1.10973251    
  0.702431023    
   1.12067151    
   4.59431648    
  0.586598575    
   1.52767742    
   1.04947484    
  0.467907548    
  0.128552273    
  0.223758772    
  0.155352607    
   2.62862563    
  0.836852312    
  0.390980780    
   5.18342972    
  0.128574923    
   2.78943157    
   1.15157425    
   1.00079358    
  0.966106951    
   2.41621733    
   1.79064810    
  0.258937895    
  0.518701911    
   3.18864658E-02
  0.648654163    
   1.12895295E-03
   1.08775759    
   1.73727846    
  0.866566002    
  0.221338406    
  0.190632537    
  0.947530746    
   1.19785583E-02
  0.891979754    
  0.140130475    
   1.35592389    
   4.82840872    
   8.37840661E-02
  0.785948515    
  0.576819956    
  0.490712464    
   1.47974706    
   6.42812550E-02
   3.51294912E-02
   2.11838484E-02
   2.59553027    
  0.317930967    
  0.457362533    
  0.158307627    
   3.02759218    
   1.40960932    
   7.80206966    
   1.86669850    
  0.333538771    
  0.896403074    
   7.36182258E-02
  0.284767687    
   1.13378167    
  0.363926560    
  0.383368909    
  0.130794078    
  0.589900851    
   2.34244013    
  0.397066057    
  0.130252182    
  0.163579658    
  0.792774737    
   1.03637385    
  0.481809437    
   1.42045689    
   1.25850260    
   1.29973710    
   6.38692006E-02
  0.166755587    
   1.04531431    
  0.279397041    
  0.144654691    
   2.28777361    
   2.19429779    
  0.250945419    
  0.626787066    
  0.182872117    
   7.94926360E-02
  0.324775100    
   1.97479534    
   3.65802832E-02
   1.39478636    
   1.72462761    
  0.102023289    
  0.837508321    
   2.31891394    
   1.15322256    
  0.143402249    
   1.04501748    
  0.930799723    
  0.405178040    
  0.741998374    
  0.754310966    
   3.71186174E-02
   1.63126171    
  0.882023573    
   1.58860207    
  0.876191914    
   1.97085547    
   4.39937687    
  0.137868077    
   1.49887300    
  0.657217860    
  0.818456233    
  0.788287580    
  0.188735127    
   1.70941806    
  0.136081561    
  0.225266889    
   1.02101815    
  0.208955273    
   1.82731128    
   3.34185433    
  0.177620620    
  0.259206265    
   1.38529992    
   1.37253773    
   1.21344292    
  0.968831778    
   1.11516511    
  0.690793157    
  0.695888460    
  0.478535652    
  0.372163773    
  0.867170930    
  0.117791541    
   3.35158253    
  0.464039803    
  0.339683950    
   1.74071267E-02
  0.208099872    
  0.262855411    
   2.95505381    
  0.913871527    
  0.273775786    
  0.289647788    
  0.134235650    
  0.156199634    
  0.690804124    
  0.115484804    
   1.68275142    
   1.50462019    
   2.99663973    
  0.361389369    
  0.129968762    
  0.852533937    
  0.794212580    
  0.323857576    
  0.206227601    
  0.400984943    
  0.214342490    
   2.18290901    
   1.33819723    
   2.42438889    
   1.15582561E-02
   2.70809317    
  0.597639978    
  0.448801219    
   1.40758777    
   3.92123342    
   3.42388415    
   7.30132684E-02
   2.43249989    
   1.23848200    
   9.27152410E-02
   1.71202302    
  0.423347235    
   1.26905632    
  0.255248278    
   1.27888727    
  0.912735760    
  0.821292877    
  0.660473228    
  0.215348214    
  0.374620199    
   1.49739516    
  0.399558276    
  0.774557471    
  0.505118728    
   1.65581179    
   8.62100050E-02
   1.51229179    
  0.408909589    
   6.23670109E-02
   9.10241157E-02
   2.21191573    
  0.474367142    
   6.18714765E-02
  0.386842638    
  0.208991706    
  0.138559252    
  0.578555465    
  0.524070978    
  0.214989275    
  0.645682514    
   1.03010607    
   1.62274468    
   3.12937461E-02
   1.87791824    
  0.930633008    
  0.120072432    
  0.200008422    
  0.338453680    
   4.37289524    
  0.627797544    
   4.50560041E-02
  0.965312541    
   1.64869821    
  0.262824386    
  0.143460453    
   8.72169808E-02
   1.27188873    
   1.76306379    
   3.27636749E-02
   1.31894755    
  0.392791897    
  0.827449560    
  0.427462161    
  0.131831214    
  0.123412840    
   1.94416773    
  0.183630064    
  0.418640137    
  0.368530154    
   3.09266806    
   1.05959165    
  0.868408501    
  0.190156639    
  0.184398547    
   1.02265954    
   5.53125143E-02
  0.703884482    
   1.56986070    
   2.18705153    
   1.05907798    
  0.512894154    
   1.32322097    
  0.821402788    
  0.213473171    
  0.178820178    
  0.857546866    
  0.116717085    
  0.178116933    
   2.28331680E-03
  0.781888425    
  0.656190515    
   3.52260733    
  0.686695695    
  0.103133477    
  0.367704183    
   1.83497891E-02
   1.35184491    
  0.243504360    
  0.926756382    
   2.76887603E-02
  0.558242917    
   5.54450788E-03
   1.01334572    
  0.667983770    
  0.321739972    
   7.18599111E-02
   1.04778576    
   2.67147493    
   2.88810897    
   1.43341792    
  0.531715035    
  0.561892867    
   1.68110704    
  0.152379215    
  0.100537658    
   1.37511611    
  0.381193876    
   1.18571389    
  0.192126587    
  0.974586010    
  0.467499465    
  0.857420266    
  0.765538633    
   1.06175029    
  0.688840866    
  0.637370110    
  0.204789445    
  0.172924429    
  0.217268974    
  0.468112648    
   3.08489799    
   6.74315095E-02
  0.260708123    
  0.115348272    
   1.23584795    
  0.314112723    
  0.401950240    
  0.192941234    
   5.84436357E-02
  0.411126941    
   2.00594664    
   6.30784454E-03
   1.51824605    
  0.563616335    
  0.590757668    
   1.35884678    
   1.11481082E-03
  0.175698340    
  0.411219209    
   1.18160510    
   2.41925921E-02
  0.383641899    
  0.264637470    
  0.296811581    
  0.379117429    
   3.16970253    
   1.24388504    
   3.82126594    
  0.851448119    
   8.67711194E-03
   1.18362403    
  0.549052000    
  0.421956152    
   4.31871414E-02
   4.06483030    
  0.738611698    
  0.149204805    
  0.683955252    
   2.37600449E-02
  0.589768708    
   2.58096552    
  0.382477105    
  0.291336000    
  0.568761647    
  0.119572923    
  0.672174454    
  0.616414309    
   1.02634621    
  0.754896343    
   8.68369117E-02
   1.79425943    
  0.273035169    
  0.473084927    
   3.81120667E-02
   1.03463423    
   1.15751147    
  0.554440022    
   2.77634002E-02
  0.557559550    
   1.22396863    
  0.406792670    
   1.61469913    
  0.593836308    
  0.560353577    
  0.121664532    
   1.10811341    
  0.653292835    
   1.28960907    
  0.986369848    
  0.305382550    
  0.299842983    
  0.882124186    
  0.311699092    
  0.930618763    
   3.67768526    
   1.27454853    
   1.63545597    
   2.87166047    
  0.633839369    
   1.23161137    
   1.58436430    
  0.295174479    
  0.526805818    
  0.147502735    
   1.76733232    
   2.97013330    
   2.04749592E-02
  0.240951285    
  0.151552811    
   1.80380285    
  0.195462242    
   4.24849749    
   2.25385547    
  0.837743998    
   2.26744437    
  0.895675302    
   7.26082399E-02
   1.00454664    
   5.59823066E-02
   2.92301512    
  0.690168262    
  0.858793557    
   2.12628388    
  0.161004752    
   9.63572487E-02
  0.796935678    
  0.598003685    
  0.121747203    
  0.727360010    
   1.65751994    
   2.04024148    
  0.319468170    
  0.622587204    
  0.394860804    
  0.292176425    
   8.85643438E-02
  0.173026040    
  0.708238423    
  0.261278957    
  0.421841621    
   6.11367710E-02
   2.29574251    
   1.28383565    
  0.458211064    
   1.76448226    
   2.49180508    
  0.281086177    
   1.03695130    
   5.37397750E-02
  0.422419548    
   1.92261875    
  0.779653609    
   3.19161173E-03
   8.48515332E-02
   1.63221860    
  0.635808706    
  0.404010504    
  0.688417912    
   4.72011280    
   1.23317349    
   1.02472401    
   6.49070218E-02
  0.386960506    
   1.83390200    
  0.233627245    
  0.809855163    
  0.234017640    
   3.76884975E-02
   7.67232925E-02
  0.859743595    
   2.00159001    
   1.31999099    
   1.38937759    
   4.44992781    
  0.720053017    
  0.607868612    
   1.02307153    
   1.24286699    
  0.975910902    
  0.769101501    
  0.653783441    
  0.215290993    
  0.862853408    
   2.26875152E-02
  0.614733696    
  0.315823168    
  0.717518091    
  0.654639721    
  0.978080392    
  0.227844492    
  0.133116633    
   1.51331432E-03
  0.487965941    
   1.94056726    
   1.82317865    
   1.27382612    
  0.219587222    
  0.352922559    
   4.09760904    
  0.136667013    
   1.32184148    
  0.286253452    
  0.833809376    
   1.32551622    
  0.604168355    
  0.696203113    
   1.06060576    
   8.33011940E-02
  0.426579118    
  0.232690766    
  0.198591530    
   7.94796646E-02
   8.98276344E-02
   1.25899816    
   1.71914172    
   1.32153058    
  0.496658564    
   1.81962121    
  0.735212445    
  0.463966906    
   1.24695683    
   2.77322698E-02
  0.120473213    
   5.36999178    
   9.66091156E-02
   2.45095730    
  0.238542184    
   4.08856153    
  0.895951092    
  0.216242388    
   1.65226436    
   3.94887161    
  0.805010200    
   1.55679321    
  0.459139585    
  0.519134641    
   2.89245367    
   4.87250127E-02
   2.04596257    
  0.660632908    
   1.39351559    
  0.243710205    
   4.13588381    
  0.134969279    
  0.363580108    
   1.74091208    
  0.419778883    
  0.373531848    
   1.10314012    
   1.60929823    
   8.12309459E-02
  0.658621073    
   1.42847717    
  0.472254753    
  0.603589654    
   1.06975210    
   5.58651518E-04
  0.321540684    
   7.90241174E-03
  0.407611549    
  0.692040563    
  0.706937551    
  0.208046809    
  0.355256021    
  0.167926952    
  0.189382643    
  0.877006948    
  0.155287087    
   3.91282606    
  0.125605971    
   1.76445319E-04
  0.346144915    
  0.789662540    
   5.76213741    
  0.842244983    
  0.215064079    
  0.166612506    
  0.685270905    
   3.07374954    
   1.38018620    
  0.469641089    
   2.12858653    
  0.247271150    
  0.522754788    
   1.82748985    
  0.175770670    
   1.43019986    
   1.57508278    
  0.884726644    
   1.27635086    
   2.18868423E-02
   2.50712895    
   1.20241630    
  0.569274426    
  0.511134684    
   1.57202446    
   9.86920074E-02
   2.41944194    
  0.195233256    
  0.109352544    
  0.322526038    
  0.869590282    
  0.102307290    
  0.292510003    
  0.161837682    
   4.28291671E-02
  0.150752246    
  0.166643202    
  0.113039479    
   9.56993084E-04
   1.49890029    
  0.677854776    
  0.576324940    
  0.435051680    
  0.157882467    
  0.530043900    
  0.131996751    
  0.154981658    
  0.140297875    
   1.39596522    
  0.462176442    
  0.295741707    
   3.50461364    
  0.354592681    
  0.101884425    
  0.562272310    
   1.37652624    
  0.571828485    
  0.348532975    
  0.420142740    
  0.942431927    
  0.413998246    
  0.455169261    
  0.167494923    
   2.13228917    
   7.26853037    
   1.25777733    
  0.594478726    
  0.757647157    
  0.938519418    
  0.769452035    
  0.824205637    
  0.176545933    
  0.175221190    
   1.25270712    
   2.00042176    
  0.677870512    
  0.476259530    
   2.29682350    
  0.177252486    
   5.52204847E-02
   1.17287695    
   5.67352474E-02
  0.981089950    
  0.390307158    
   1.20899391    
   3.06556702    
   3.79949188    
   1.97601914E-02
  0.409268975    
   2.12710947E-02
  0.178131327    
  0.358476907    
  0.705087483    
   2.69810605    
   1.24250627    
   7.79215768E-02
  0.839862168    
   3.10590267    
  0.649762154    
   1.95756066    
  0.654317558    
   3.10371406E-02
   1.09660578    
  0.438677073    
  0.256875813    
  0.168762475    
   1.44572306    
  0.516463280    
  0.462382942    
   2.58708787    
  0.501922131    
  0.734575570    
  0.825178087    
  0.300879240    
   4.85301495    
   1.71504211    
   1.20322824    
   1.25369847    
  0.133247167    
  0.669482529    
  0.826013386    
   1.08889043    
  0.394117445    
  0.407093346    
  0.272733152    
  0.400384218    
   1.63360250    
  0.186837226    
  0.944863081    
   1.51955001E-02
  0.426993698    
  0.280458331    
   2.76116633    
   1.01538134    
  0.537344098    
   2.78348541    
  0.517552257    
  0.601001561    
   1.14062750    
  0.978240669    
  0.367342055    
   3.21368241    
  0.447954834    
   1.52345490    
   1.08149385    
  0.431685388    
  0.365115255    
   2.23557019    
   1.39151120    
  0.827084780    
   1.05778825    
  0.235662252    
  0.203484267    
   1.31355214    
   5.29268360    
   2.49915123    
   1.59197307    
   1.57107317    
   1.94038093    
  0.995226026    
  0.431447268    
  0.437988997    
   4.59049129    
   2.21446443    
   1.91572869    
  0.813900650    
   1.82303178    
  0.118045315    
  0.612734318    
   1.08276559E-02
  0.886694729    
   2.44112039    
  0.243723139    
  0.832622170    
   1.27536607    
   1.04322183    
  0.321171135    
  0.681813359    
   6.57248944E-02
  0.808989167    
  0.103203595    
  0.401890993    
  0.868642926    
  0.260321707    
  0.489173472    
  0.772447765    
  0.765974462    
  0.397066146    
   1.54818559    
   1.73350132    
  0.429310501    
  0.279064476    
   2.38951874    
   6.08572721    
   1.03435218    
  0.399762809    
   1.70821917    
   1.49647450    
   1.23844624    
  0.255349904    
   1.42811894    
   1.57191968    
  0.164558053    
  0.302393526    
   1.46054196    
   1.88908720    
   2.03588700    
   2.96925521    
  0.467526764    
   2.02675724    
  0.156989023    
   1.11441767    
  0.733778656    
  0.712634861    
  0.373534292    
   7.09985304    
  0.343148291    
   2.06328034    
   1.08778811    
  0.787852287    
   1.73738742    
   4.66520739    
  0.710246861    
   1.65710952E-02
  0.151749671    
  0.967951655    
   5.03239781E-02
   1.62097728    
  0.137252465    
  0.142722651    
   1.17537999    
  0.450224221    
  0.295744598    
   1.85538673    
  0.264255375    
  0.573638022    
   2.29409337    
   6.12418316E-02
  0.397493124    
  0.144273445    
  0.864236534    
  0.927228808    
   1.13417280    
   6.38840348E-03
   1.29835439    
   1.92508006    
   1.19748974    
  0.480927646    
  0.359994233    
  0.349621087    
   1.46780396    
   2.02329469    
  0.446491301    
   1.68146789E-02
  0.141077608    
  0.137519971    
   2.28879189    
  0.179141104    
  0.379037499    
   8.74767080E-02
  0.489007056    
  0.337947458    
  0.393748820    
  0.533155680    
  0.657504380    
  0.884277105    
   1.47647858    
  0.224460244    
  0.179978356    
  0.501438320    
   6.51194155E-02
  0.420853138    
   2.08169259E-02
   2.20707703    
   2.93482780    
   1.00862312    
  0.214049786    
   8.73548687E-02
  0.100597769    
  0.121248811    
  0.280162632    
  0.885310829    
   2.14337802    
  0.512184680    
   6.73565269E-02
   1.17057848    
   4.25596349E-02
  0.248394534    
  0.153112441    
  0.349373549    
   1.00971842    
  0.421678424    
   1.22574949    
  0.474894464    
   1.88458276    
  0.247478172    
   1.74146557    
  0.365419030    
  0.514755785    
  0.136695579    
   1.54995847    
   1.03974092    
  0.667044759    
  0.410989106    
  0.577453256    
   1.20677567    
  0.891578853    
   5.95389032    
  0.421659976    
  0.509006977    
  0.552700400    
   1.99876332    
  0.748741567    
   1.01252854    
   1.16345370    
  0.886130691    
  0.680938661    
  0.954876661    
  0.586961985    
  0.142637268    
  0.470885396    
  0.412659913    
  0.346089125    
  0.412393302    
   1.47888243    
  0.270613402    
  0.770394564    
  0.699220479    
   5.12307692    
   1.08507800    
   1.48552263    
   2.64102316    
  0.452792108    
  0.897615433    
   1.04333520    
  0.609819770    
   1.46480691    
   1.15482414    
  0.403938800    
  0.541595995    
   1.21840048    
   1.19540155    
  0.769513428    
  0.602734566    
   1.14760590    
  0.209423006    
   1.57739258    
  0.271286398    
   6.78956795    
  0.322620094    
  0.726518452    
   3.97884101E-02
  0.239881009    
  0.424340785    
   1.81941009    
   1.03602755    
  0.662987888    
  0.930559218    
  0.202394515    
   1.97672939    
   1.06365013    
  0.994180262    
  0.406483054    
   1.53618550    
   1.03457367    
  0.757720292    
   9.31074247E-02
  0.405914366    
  0.187226444    
   1.37290823    
  0.727738321    
   3.34527588    
   8.51214826E-02
  0.780175924    
   2.54626036    
  0.420829356    
  0.329433471    
   1.92858660    
   2.54877782    
   1.30290949    
   8.73892102E-03
  0.104423992    
   1.16569138    
   2.08080101    
   4.46174992E-03
   1.23731852    
   1.21752524    
   3.66952866E-02
   1.84740663    
   2.43827645E-02
  0.121588737    
  0.555865824    
   2.10362792    
   3.40013862    
  0.129678890    
  0.722956181    
  0.481207162    
   1.16723096    
  0.838527441    
   3.57994580    
  0.999142885    
   1.88099706    
  0.725880086    
   3.78872603E-02
  0.390129358    
  0.715987504    
   2.01076150    
  0.585086584    
  0.414950669    
   6.70261234E-02
  0.861595571    
   1.99878705    
  0.210122436    
   1.41868412    
   2.18789224E-02
   1.06424081    
  0.132695571    
  0.709822059    
   1.03772807    
  0.310299039    
   1.17134714    
   1.78467238    
  0.192808881    
   7.53764883E-02
  0.498469710    
   2.06215286    
   4.15472603    
  0.232908174    
  0.917925894    
   2.74563265    
   1.01984203    
   1.20664644    
  0.725113928    
   6.19131364E-02
  0.888650060    
   3.00973151E-02
  0.586956143    
  0.360905707    
   1.56766033    
  0.408408105    
  0.204986900    
   2.26880741    
  0.856151998    
  0.168357745    
  0.344138294    
   2.28259373    
  0.599342346    
   1.24683046    
   1.41093004    
  0.401093900    
   1.77801824    
  0.793745399    
   1.02992105    
   2.89743638    
  0.400276423    
  0.474045336    
   8.81988630E-02
  0.784484684    
   1.08990860    
   1.45379007    
  0.451961994    
  0.162172765    
  0.185199767    
   1.13829708    
  0.254969567    
   2.06257057    
  0.205411717    
   1.65284562    
   2.74218512    
   1.19127882    
  0.765362561    
   2.89912462    
  0.436702400    
  0.642454505    
   1.72603846    
   1.67470181    
  0.254273504    
   2.91268325    
   1.78282547    
   1.82827151    
  0.573069811    
  0.163111120    
  0.115722597    
   1.18212390    
  0.912617385    
  0.955598116    
   8.76893848E-02
   1.00451553    
   1.20908785    
   7.84535035E-02
  0.325316221    
  0.294692159    
   1.41575587    
   1.07360506    
  0.138529256    
   1.29251695    
   1.46625340    
  0.174012378    
  0.186125174    
  0.515783727    
  0.501492500    
   1.00239170    
  0.762613297    
  0.649304211    
  0.809416771    
   1.01831973    
   1.83361602    
  0.197009414    
   9.81998444E-02
  0.440909624    
  0.992372453    
   5.11591099E-02
   1.02955317    
   1.07497358    
   1.34700191    
   1.40351495E-02
  0.226118729    
  0.883702040    
  0.347113818    
   1.59727514    
   1.58305311    
   1.15498435    
   1.54059207    
  0.100961544    
  0.193882525    
   1.16420996    
   1.48532605    
  0.591960907    
   1.61537552    
  0.286760777    
  0.244452238    
   4.69305553E-02
   3.35896921    
   8.31575766E-02
  0.259932041    
  0.361657441    
  0.182217807    
  0.216692805    
  0.991426826    
  0.932555556    
   5.57318449    
  0.716896415    
  0.360243022    
  0.253997087    
   3.08762145    
  0.182628542    
   1.41523027    
   1.70552492    
   3.54811025    
   1.71416247    
   2.61435890    
  0.269925803    
  0.791511595    
   3.48937225    
  0.337595016    
  0.392937303    
   3.01695061    
   1.13946092    
  0.934365094    
   1.31302774    
  0.607459307    
   4.08270454    
   1.48498285    
   3.05515575    
  0.495959461    
   1.49815559    
   2.41939425    
   2.08144712    
  0.173254594    
  0.926634848    
   7.81914070E-02
   2.03763199    
   1.40473514E-03
  0.505930126    
  0.204466030    
   5.38923703E-02
  0.162982941    
  0.938795984    
  0.980273426    
   1.31784129    
   1.35934305    
  0.105557390    
   1.85910128E-02
   1.63064873    
   7.03910813E-02
  0.629172027    
  0.624136627    
  0.555134058    
  0.366276473    
   1.23619232E-02
   1.10396552    
  0.794226825    
   1.63182259    
  0.826711118    
   3.94175760E-02
  0.685942531    
  0.540921092    
  0.697110891    
   9.09041911E-02
  0.674244881    
   4.86708927    
   1.08846617    
  0.723599255    
  0.347418070    
  0.637579143    
   1.81726646    
  0.279945582    
   4.81661606    
  0.674874425    
   3.65169756E-02
   1.03214264    
  0.457396418    
   2.30870461    
  0.151683554    
  0.806569934    
   2.51304245    
   1.02742147    
   3.00242901    
   1.28664148    
  0.973088264    
  0.839697659    
   1.38003898    
   1.35006273    
  0.264691144    
   3.10233688    
  0.301368743    
  0.412288874    
  0.177437454    
  0.188747793    
  0.175471485    
   2.21570635    
   1.15938175    
  0.871426821    
  0.220777348    
  0.594739437    
  0.296499252    
   1.11934125    
  0.783377886    
   6.49130642E-02
  0.734241128    
   1.17455709    
   3.50709534    
  0.374639422    
  0.370903462    
   2.97133660    
   2.15977597    
   2.04764795    
   2.04308128    
  0.482723027    
  0.139446780    
   1.21397400    
  0.464432061    
  0.305185437    
   6.47767782E-02
   1.48505628    
   1.51659989    
  0.736444294    
   1.16553187    
   2.40991545    
  0.721718013    
   1.23375297    
  0.160022482    
   2.95605564    
  0.839979410    
   1.11788523    
  0.469301969    
   1.28848708    
  0.280273557    
  0.277603120    
  0.670576096    
  0.706271052    
  0.246453896    
  0.193923473    
  0.927640915    
  0.808007717    
   1.58498323    
   6.02657366    
  0.459425539    
   1.85262465    
   1.37759781    
  0.531898022    
  0.785319924    
  0.123546034    
  0.373357981    
   1.26640236    
   1.79948235    
   2.72990870    
   1.48900259    
   2.58159804    
  0.630273938    
  0.933866799    
   4.46395302    
   3.34685993    
   1.89224088    
  0.255818307    
   3.63534726E-02
   5.59574701E-02
  0.375740945    
  0.462750793    
  0.103612214    
  0.294875622    
   1.26191521    
  0.591986656    
  0.260067642    
   1.55594480    
  0.328740895    
   1.02680767    
   1.14805353    
   1.02382445    
  0.948645711    
  0.177138060    
  0.671964228    
   1.28041041    
   5.85760269E-03
   2.37037897    
   2.73979211    
   1.28061712    
   4.58444394E-02
   1.72401321    
   1.98944139    
  0.723281205    
   1.56840801    
   1.16503131    
   4.86414097E-02
   2.11059141    
  0.953433633    
   2.78028107    
  0.607798457    
  0.270257115    
  0.349312097    
   1.88198090    
  0.203496024    
  0.856581330    
  0.430038452    
  0.261115402    
  0.154734060    
  0.357635915    
  0.531786442    
  0.643055439    
  0.200411826    
  0.240319014    
   2.44310021    
   3.22062778    
  0.930561781    
  0.450595021    
   2.43595559E-02
   1.13782144    
   1.66675341    
   5.80405518E-02
  0.274042070    
   5.59887365E-02
   2.45112038    
  0.419610560    
  0.288898915    
  0.193582430    
   5.35135642E-02
  0.455429584    
   1.70901632    
   2.01275730    
   8.87133088E-03
   1.74122787    
  0.241213128    
  0.937141180    
  0.177551776    
   1.18710136    
  0.788158178    
   1.16831243    
   2.33911419    
   1.58288479    
  0.809548974    
   1.28466904    
  0.699588478    
   1.05285621    
  0.874627352    
   4.36504669E-02
  0.140055731    
  0.188661069    
   1.48406172    
   3.82284856    
  0.795264125    
   1.92496943    
  0.111908376    
   1.12287521    
  0.788099587    
  0.625164747    
  0.233072430    
   1.74507809    
  0.655747473    
  0.915629566    
   1.00955784    
  0.543705523    
  0.774650335    
  0.446807504    
  0.419409007    
  0.247186750    
   2.65048504    
   1.07725382    
  0.608316243    
   1.29786265    
   1.13526177    
  0.612572789    
   1.70392418    
  0.277729064    
  0.623490214    
  0.101409286    
  0.397995383    
  0.620886326    
   8.24948475E-02
   2.90803361    
  0.729225099    
  0.557944357    
   1.37150359    
  0.869068086    
   2.56885147    
   1.85654938    
  0.950568318    
  0.114768550    
   2.40823865    
   4.34808254    
   2.03069472    
  0.649790227    
   1.39966011    
  0.556217670    
  0.890248418    
   1.49695808E-03
   2.16197874E-02
   1.60480344    
   2.18195248    
  0.856585979    
   4.61915016    
   1.65651941    
  0.488018453    
  0.753163338    
  0.465951979    
   3.01499820    
  0.181952357    
  0.352728933    
   5.99375963E-02
   1.35802436    
   2.20440912    
   3.43107171E-02
   1.44113302    
   1.66808867    
  0.280689836    
   2.33066893    
   1.96071291    
  0.329307616    
   3.61788750    
  0.824788570    
  0.244927287    
  0.206906840    
  0.326185614    
   1.16680837    
  0.113165751    
   1.63430285    
   1.54939222    
   3.52892852    
   2.67077637    
  0.690590680    
  0.712621748    
   1.75823009    
  0.359432757    
   1.93365228    
   9.21195373E-02
  0.328113109    
   5.43105230E-02
   1.96327555    
   2.61260366    
   1.05682516    
  0.705538809    
  0.684770823    
   3.26024771    
   1.17599797    
  0.916013956    
  0.850849450    
   2.72183132    
   1.38603425    
  0.283675462    
   3.61516857    
  0.977670789    
  0.365118325    
  0.311811924    
   1.32030165    
  0.142986119    
   2.10588336    
  0.293835938    
  0.595770717    
   3.04136205    
   1.21025372    
   5.97320218E-03
  0.677488208    
  0.253203928    
  0.340472877    
  0.223835334    
   5.71551037    
  0.951675534    
  0.299208552    
   1.29850221    
   1.66112995    
   1.64756596    
  0.151436567    
   2.65082502    
  0.378062367    
   1.18577480    
   5.14081940E-02
  0.918909788    
  0.341747135    
  0.445658594    
  0.134472638    
   1.66652334    
  0.187845275    
  0.129244834    
  0.850035071    
  0.600134373    
  0.847009540    
   1.09417546    
  0.399381042    
   3.65948582    
  0.559144795    
  0.105224058    
  0.809888661    
  0.274531752    
  0.239042282    
   1.13240969    
  0.809170544    
  0.511749566    
   2.59373188    
  0.511381865    
  0.297574520    
   1.50089419    
  0.149922416    
  0.250358701    
   2.19405293    
   7.05967695E-02
  0.133361578    
  0.162899047    
  0.221867174    
  0.172142193    
  0.250604331    
  0.454127967    
   1.00836623    
  0.501420319    
  0.650522709    
  0.419680417    
  0.590169013    
  0.458107203    
  0.213791043    
  0.589673996    
   2.51058006    
  0.463845402    
   1.22796285    
   2.99002174E-02
   1.12919235    
  0.592882693    
   1.12929463    
   3.63834453    
   1.86916387    
   1.70563257    
  0.822889447    
  0.291173279    
   1.23078167    
  0.343304396    
  0.265710652    
   2.41114378    
   2.28129768    
   2.96782017    
  0.220983416    
  0.379841506    
  0.504001260    
   1.21428967    
  0.302843750    
   1.20621383    
   1.53625083    
  0.774971247    
  0.508630633    
  0.119697340    
  0.760095656    
  0.806363523    
  0.284335047    
  0.180446088    
   1.09329093    
  0.538266003    
  0.319504619    
  0.124509849    
  0.185734957    
   3.24824023    
  0.219627529    
  0.396637052    
  0.752561331    
   1.30911219    
  0.580439508    
   1.28734934    
  0.680000782    
   9.03156325E-02
  0.183919594    
  0.565816760    
   2.38765311    
  0.728492558    
   2.29450297    
  0.246731535    
  0.364861786    
   1.43951786    
  0.639944136    
  0.872513890    
  0.297999829    
  0.448051751    
  0.264208168    
   3.03827394E-02
  0.394920677    
  0.346104860    
   4.04275274    
  0.202265576    
  0.271345109    
  0.415771902    
  0.438671619    
  0.834237814    
   3.04515481    
  0.327014953    
  0.476508111    
   2.57196236    
   3.02169013    
  0.128662497    
  0.110295646    
  0.267204642    
  0.794059575    
   1.06172550    
   5.71242142    
   3.65087128    
  0.693154335    
  0.495700836    
  0.835996330    
   1.14980662    
  0.550370574    
  0.500404179    
  0.199693888    
  0.576677799    
   3.27679887E-02
  0.481852949    
  0.909287572    
  0.315637052    
  0.447193712    
  0.454794794    
  0.777880967    
  0.505219400    
   1.76078665    
   1.82323766    
   3.81256461    
  0.271868140    
  0.283003509    
  0.938360035    
   3.21564388    
  0.308599532    
   1.19167471    
  0.173473999    
  0.510487080    
  0.672791481    
  0.277013749    
  0.389290452    
  0.941150784    
   2.01869130    
   1.69261730    
   2.55553985    
  0.751795113    
   4.60041985E-02
  0.390872419    
  0.630327225    
  0.642559171    
  0.154615507    
  0.418766141    
  0.860274553    
  0.533578873    
  0.976843357    
  0.249974892    
  0.557264686    
  0.243960470    
  0.679145694    
  0.949044406    
  0.478353202    
  0.629441977    
   1.18292916    
  0.186371610    
   1.21144545    
   1.17105591    
   1.60641527    
   3.94837093    
   2.59166145    
  0.651740491    
  0.417486101    
  0.630065799    
  0.530809402    
  0.400381923    
   1.92303014    
  0.150520593    
  0.571106195    
   7.73637295E-02
  0.682526886    
   1.04430580    
  0.132514209    
  0.108772300    
   1.19029021    
   2.88401103    
   3.35612416    
   2.84923649    
  0.752179146    
   4.50461960    
   3.02757001    
   4.19111633    
   9.07069445E-02
   1.07107186    
   1.74887216    
   2.63306189    
  0.730335534    
   3.50447083    
  0.552829683    
   1.08955014    
  0.326710135    
  0.644929230    
  0.713693082    
   1.09838939    
  0.567981303    
   1.09575987    
  0.996733606    
   1.89235437    
  0.136504933    
   1.13412881    
  0.620530128    
  0.166509420    
  0.386564672    
  0.439427584    
  0.549324632    
   2.34173632    
  0.321513474    
   2.50474289E-02
  0.237426862    
   1.87547971E-02
   1.39444399    
  0.832323909    
  0.540869713    
  0.120333977    
   2.02455044    
   1.28606308    
   3.37984157    
   1.00664012E-02
   7.44003654E-02
   6.56580627E-02
  0.194249451    
   2.11735010    
  0.551503003    
   1.47441661    
  0.796955228    
  0.810586452    
  0.814712226    
  0.748955190    
   2.96133347E-02
  0.565683365    
  0.542864680    
   1.31114411    
  0.390650302    
   1.11805749    
   2.12113500    
   1.78867984    
  0.579363704    
   1.58313441    
   2.11621618    
  0.465142548    
  0.964401364    
  0.281057179    
  0.126694158    
  0.542262316    
  0.738004327    
  0.920273185    
  0.460573375    
   2.56482935    
  0.370629787    
   1.34090304    
   1.86929059    
   2.47035909    
   2.10496140    
  0.219215348    
   1.76146996    
  0.157736525    
  0.245937809    
  0.383962214    
   1.70392525    
   8.07454903E-03
  0.947304189    
   5.75903393E-02
  0.138642505    
  0.882422328    
   1.23747969    
  0.439857602    
   9.10510123E-02
  0.690610170    
  0.145081371    
  0.435503215    
  0.970774174    
   1.85290909    
   1.82467735    
  0.490795434    
   5.74946888E-02
   1.61601901    
  0.225328118    
   2.56264918E-02
  0.929157495    
   1.45958877    
  0.667934835    
  0.382203400    
  0.117416903    
  0.558099747    
   1.36490679    
  0.689600229    
  0.454359531    
   1.07253647    
  0.431997329    
  0.112625852    
   1.18622041    
  0.327614993    
  0.720487714    
  0.702447116    
  0.488705993    
  0.684193492    
  0.352889061    
   1.01346481    
  0.617916226    
  0.641878188    
   7.17582107E-02
   1.68725872    
   2.06516623    
  0.418960869    
  0.397456169    
  0.402180195    
   5.84231615E-02
  0.129201025    
   1.98009002    
  0.768166542    
  0.535611331    
  0.499063611    
   2.55672574    
  0.173409551    
  0.907555223    
  0.467875957    
   1.00375700    
  0.943181992    
  0.253686160    
   1.39183915    
   6.30280226E-02
  0.170581684    
  0.258460701    
   1.83314729    
   1.26749480    
  0.566436172    
  0.801366627    
   1.89771557    
   1.29119134    
   1.10634005    
  0.903408051    
  0.930589318    
  0.461664379    
   2.25405478    
  0.171047643    
   1.12381911    
  0.672437608    
  0.102317192    
  0.847276926    
  0.191391408    
  0.578970850    
  0.723494053    
  0.831586242    
  0.632285953    
  0.182561576    
   1.97982538    
   1.15866530    
  0.191682175    
  0.266577661    
  0.254361898    
  0.246386096    
   1.15964055    
  0.544103801    
  0.912076712    
  0.879930794    
   1.71276402    
  0.367132068    
   1.31532121    
  0.774400473    
   1.70838833    
  0.967799425    
  0.893360138    
   6.29665107E-02
   1.56083261E-03
  0.993511200    
   2.63215065    
  0.302189440    
   1.98584080    
  0.766657948    
   2.27308655    
   1.13720977    
   3.94439507    
  0.193267673    
   2.66470671    
  0.688507497    
  0.233627707    
  0.750233829    
  0.723442674    
  0.661327958    
   1.52731526    
   1.95004857    
  0.339426398    
   2.69138575    
  0.660376430    
  0.416375428    
  0.265592486    
  0.269786358    
   1.50916076    
   6.45367103E-03
   1.61465049    
  0.630150139    
  0.159745112    
   1.43728125    
  0.805581510    
   1.23126101    
   3.18822289    
   3.06183481    
  0.339801073    
  0.475537449    
   1.23061419    
  0.220842168    
  0.144735426    
  0.641785920    
   1.16403243E-02
   1.75983608    
  0.399494469    
   1.55281162    
   3.91756463    
   1.65841591    
   5.85985231    
   1.00936031    
  0.175995812    
   1.14175940    
  0.811618388    
   2.21310210    
   4.44711971    
  0.727213204    
   1.11530781    
  0.573917925    
   6.43188208E-02
   1.50419414    
  0.322971821    
   2.28671956    
   1.08206069    
   2.60107899    
  0.863464236    
  0.977727652    
   9.93728712E-02
  0.349037588    
   1.40661824    
  0.295844406    
   2.34974813    
   1.75766063    
  0.527122974    
   1.01020265    
  0.155053973    
   1.01768112    
   7.82720372E-02
  0.582919240    
   1.72585833    
  0.409735858    
  0.397223085    
  0.272099704    
  0.427252263    
  0.801935971    
  0.216254443    
  0.230476320    
   1.75441492    
  0.314587027    
  0.154631779    
   7.67234191E-02
  0.557675719    
  0.158559531    
   7.95484632E-02
   1.18764210    
  0.457863629    
   1.00064683    
   1.79137611    
   1.33460629    
  0.212349713    
  0.185977772    
   1.32183123    
   6.71140909    
   7.63570964E-02
   1.68298173    
   1.14115214    
   4.59945276E-02
   2.19110870    
  0.320166409    
  0.322470248    
  0.376475811    
  0.253291011    
  0.113997221    
  0.735311151    
  0.474024594    
   9.35142934E-02
   1.54253221    
   6.80494905E-02
  0.259749413    
  0.495606899    
  0.774703383    
   4.98384330E-03
   1.66972196    
   1.47889447    
   7.19723180E-02
  0.720375836    
  0.119095489    
   1.62503350    
   1.00533235    
   1.86882997    
   5.57838865E-02
  0.211927027    
  0.780552089    
   1.58180547    
   2.65509225E-02
  0.380197823    
  0.360414296    
  0.191558942    
  0.108102866    
  0.515697360    
   1.37542176    
   2.57149816    
  0.849091113    
   1.15208101    
  0.680543900    
   1.60439479    
  0.835770428    
  0.498437911    
  0.881766438    
  0.808275759    
  0.884461999    
   1.82650781    
   1.36592650    
  0.272222102    
   1.10622799    
   1.70044088    
  0.163324729    
   3.73871215E-02
  0.165552676    
  0.442062557    
   3.59563589    
   2.06342673    
   1.83460355    
   2.95481328E-02
   2.83420992    
  0.494442195    
  0.952233315    
  0.909024477    
   1.92523789    
   1.40053642    
   9.21272486E-02
  0.921185136    
   1.49346948    
   3.10081172    
  0.328438461    
  0.308278084    
  0.233061150    
  0.956375062    
   1.00721192    
  0.245264217    
  0.739845395    
  0.330539942    
   1.60078096    
   7.37092718E-02
  0.148299649    
   1.31788158    
  0.195257396    
   1.43042064    
   2.46531820    
   7.59506524E-02
   4.60014725    
   1.40405893    
  0.246785164    
   3.85477906E-04
  0.328902125    
   2.22978878    
  0.778426707    
   1.30193496    
  0.260323554    
  0.593298078    
   1.17971623    
   1.97808135    
   5.92655316E-03
   2.16444397    
  0.350436062    
   1.79214883    
   1.76812029    
  0.620378554    
   7.14202076E-02
  0.629692256    
  0.255563468    
   2.12375641    
   1.71966302    
  0.285338223    
  0.208219662    
  0.618848085    
   2.82583570    
  0.153688699    
   2.12432575    
   2.40503621    
   1.04233253    
   1.30875850    
  0.705585003    
   1.39456987    
  0.879445672    
  0.666685939    
  0.933391929    
  0.655787230    
   1.04869449    
  0.417505741    
   1.99496210    
  0.316607624    
  0.106075525    
  0.281583846    
   1.38069057    
  0.553164601    
   3.92346478    
   2.38104248    
  0.620992959    
   1.46640146    
   1.53844428    
  0.384429336    
  0.577954412    
  0.401394546    
   8.68389308E-02
   3.08694895E-02
   4.19546318    
  0.288243949    
  0.532919288    
  0.493915290    
   1.71176815    
  0.441312850    
   1.09369469    
   3.25163126    
  0.498648107    
  0.159389585    
  0.191308111    
  0.531590760    
  0.634015799    
  0.466575980    
  0.811810017    
   2.22535872    
   1.12701917    
   2.22069907    
   1.40566266    
   2.23842692    
   1.02393246    
   1.13571835    
   1.41311753    
   2.59357643    
  0.298172235    
  0.180657491    
   5.96283819E-04
  0.573421717    
   1.72163820    
  0.624302983    
  0.790983677    
  0.675873935    
   5.06436634    
   6.55518994E-02
   1.09682631    
  0.501660466    
  0.871531665    
  0.259109557    
   9.22358781E-02
  0.408953905    
   3.46061063    
  0.268523335    
  0.453651696    
  0.207123786    
   1.52711248    
  0.251599759    
  0.476968944    
  0.342137903    
   2.37916374    
  0.542729259    
  0.437908202    
   1.07541513    
  0.749546826    
  0.650238276    
   1.53837895    
  0.614727497    
  0.771695971    
  0.922755063    
   2.06185436    
   9.06195566E-02
  0.239262894    
  0.170710698    
   3.13749276E-02
   6.75857589E-02
  0.465585500    
   1.64730656    
  0.635013878    
   1.06503606    
  0.619080544    
   1.22057724    
  0.881011486    
  0.177875146    
   9.49217528E-02
  0.149078533    
   3.97708559    
  0.469915330    
  0.223140627    
   1.05441928    
   1.98235750    
  0.212174669    
   2.57275319    
  0.638903558    
   1.03872502    
   2.94074178    
   1.47041452    
  0.855738282    
  0.207499698    
  0.959740758    
   4.36722708    
  0.556758463    
  0.118751772    
   2.11703420    
  0.391253024    
  0.307249755    
  0.138429999    
   5.31029892    
   1.55541754    
  0.146271825    
   7.80503303E-02
   7.20825568E-02
   1.85164797    
   2.05597949    
  0.115823112    
  0.965241194    
   2.43472600    
   2.94167209    
   1.61986899    
  0.652962208    
   2.82593513    
  0.638570368    
  0.379790962    
   1.20843637    
  0.758822381    
  0.780644715    
  0.882274866    
   1.04822350    
   1.67178512    
  0.802792132    
   9.07183662E-02
   1.28588080    
  0.312251657    
   1.09048700    
  0.741835415    
   1.09055483    
   2.01925278    
   5.12718725    
   1.38276029    
  0.965387046    
   1.02456129    
   6.82335123E-02
   1.05009985    
  0.689209461    
  0.229169130    
   8.92849416E-02
   1.49819529    
  0.253451496    
  0.376313239    
  0.604652464    
  0.418252200    
  0.928421021    
   1.47235394    
  0.730255246    
   1.02469587    
  0.405990571    
  0.184193015    
  0.133392364    
   1.70223224    
   2.24991727    
  0.794395506    
   1.96320081    
   1.25503433    
  0.764964879    
  0.382029235    
   1.59177314E-02
  0.834196508    
  0.424115568    
  0.748627782    
   1.22204208    
  0.712817609    
   9.98581052E-02
  0.342304319    
  0.719709277    
   9.57143083E-02
   1.08717632    
   3.14227724    
  0.138254017    
  0.761981606    
  0.282389611    
  0.884613037    
   2.58999562    
   2.79015414E-02
   1.48841643    
   2.81278896    
   1.82952011    
   2.30303151E-03
   8.32840279E-02
  0.966434181    
   2.07072401    
  0.768197715    
  0.136100754    
  0.298083276    
   1.71475172    
   1.19575095    
  0.164373130    
   1.73640299    
   4.79065403E-02
   2.25936770    
   1.18110156    
   1.69726658    
  0.832120717    
  0.108132288    
  0.231264859    
   1.17364657    
   1.41453791    
   1.57350421    
  0.112612583    
  0.118195035    
  0.565935791    
  0.451098621    
   5.82104214E-02
   1.05179429    
   1.34484029    
   1.05450070    
  0.258835256    
   1.55629992    
   1.87946773    
  0.903827548    
  0.232550189    
   2.32931828    
  0.965559840    
   2.13329625    
  0.785498857    
  0.815020978    
  0.493902683    
  0.796154022    
   1.34783781    
   2.37927389    
  0.582743526    
   1.62575996    
  0.215666443    
   1.34977078    
   1.11605585    
   2.30114055    
   1.03460085    
  0.679080725    
   1.85732208E-02
  0.230799183    
   2.15144038    
   1.62315154    
  0.277951866    
  0.955665827    
  0.571822941    
  0.317742169    
  0.975084662    
   2.21360970    
   1.37294543    
  0.900883555    
   1.06430840    
  0.196227342    
  0.335475206    
   5.69683409    
  0.278112888    
   3.71022858E-02
   1.46075332    
  0.184293553    
   4.80829239    
   1.24736178    
  0.140495270    
  0.183330104    
   1.86977768    
   1.04188311    
  0.497628391    
   3.36203527    
  0.719963014    
   1.28718758    
   2.34241652    
  0.105671331    
  0.318517208    
  0.133698374    
   1.23063922    
  0.521506071    
   2.31104374    
  0.321581960    
  0.991613984    
   4.57434082    
  0.460339963    
   3.02677774    
  0.524577022    
   9.34569016E-02
  0.445874155    
  0.698470771    
   2.54811931    
  0.683451355    
   1.32149243    
  0.200508699    
  0.300109684    
   4.16450240E-02
  0.977084517    
  0.744096935    
   1.22252977    
   6.51430786E-02
  0.375828713    
  0.600233257    
  0.463373661    
  0.411952436    
   1.68444490    
  0.309046954    
   1.22714043    
  0.337966532    
  0.681378603    
  0.428863049    
  0.412816703    
  0.664829969    
  0.137578517    
  0.319738209    
   1.73441744    
  0.503696203    
  0.311299801    
  0.431744695    
   1.39872134    
  0.126716003    
   2.58976197    
   1.29958558    
  0.409491390    
  0.504987121    
  0.384020835    
   2.89713982E-02
  0.563666582    
  0.676651418    
   5.43061399    
   1.15738285    
  0.446798563    
  0.119683102    
  0.956827939    
   7.70662501E-02
   1.58112097    
   1.23471856    
  0.849963546    
  0.969884872    
  0.528508067    
   1.12255716    
   1.30124629    
  0.903024435    
  0.735771298    
   1.00030637    
  0.182066485    
  0.684256852    
   5.11744805E-02
   2.70683765    
  0.124160022    
   1.40546799    
  0.513489008    
   4.70080900    
   1.32622170    
   2.05128336    
   2.59066796    
  0.376502037    
   1.06070900    
   1.37455189    
  0.675414383    
   6.38507158E-02
   1.40004456    
  0.898947358    
   1.34781814    
  0.610158384    
  0.447194099    
   1.04872215    
  0.648286998    
  0.569307745    
   8.10564756E-02
  0.916401207    
   2.69757318    
   2.23273015    
   3.39513350    
   2.05288267    
   1.55352020    
  0.906711578    
   5.03102504E-02
  0.178234398    
   3.32790351    
   7.95231628    
  0.512179434    
  0.254513562    
   4.01332006E-02
   2.41680384    
   1.75281143    
  0.399461657    
   1.93639147    
  0.165171251    
   3.13843656    
  0.544217706    
   1.46567094    
  0.577086389    
  0.734147072    
  0.205422044    
  0.430863470    
  0.290780753    
  0.375833035    
  0.542868257    
  0.450764507    
  0.725404978    
   3.73886585    
   6.78317621E-02
  0.526885688    
   8.31729323E-02
  0.822847366    
   1.99661064    
  0.992192984    
   2.46112704    
   3.22756314    
   8.14739242E-02
   8.25811997E-02
  0.231869549    
  0.762265801    
   1.27822590    
   2.80669999    
  0.215957478    
  0.129358113    
  0.383270800    
  0.285864919    
   5.54953404E-02
   7.17757568E-02
  0.620092392    
   9.02980193E-03
  0.718982637    
   2.28305364    
  0.769194126    
   1.33715308    
   1.09743929    
  0.981695712    
  0.480006129    
   1.01451135    
   2.58074427    
  0.682558060    
  0.243264481    
   1.69671559    
  0.335706890    
   3.91234875    
  0.654812813    
   1.57303751    
  0.488878369    
   1.46209681    
   5.15044555E-02
  0.257027417    
   2.48937225    
   1.65827978    
  0.392479807    
   2.08285999    
  0.940338135    
   1.03310168    
  0.122087166    
   5.22714567    
   2.89927602    
  0.127005145    
   1.01402986    
   2.56186175    
  0.303101659    
   2.79547358    
   1.77893090    
  0.148768276    
   2.24019337    
  0.981175959    
   1.30508578    
  0.784841359    
   9.17622298E-02
   1.76857686    
   4.58721352    
  0.489592254    
   1.44267023    
  0.539344728    
  0.631864488    
  0.544323444    
   1.03481150    
  0.451568782    
  0.101572104    
  0.821943641    
  0.160492018    
   7.95062557E-02
  0.896469116    
  0.632597625    
  0.772353947    
  0.431829065    
  0.447803795    
   9.24408808E-02
   2.32773209    
   1.75484216    
   1.11099625    
   2.41398954    
   2.75302124    
  0.269229531    
  0.381610036    
  0.825764656    
  0.650953770    
  0.920981765    
   1.15845525    
   1.56104875    
   3.52148151    
   1.21813250    
  0.378399253    
  0.118003599    
   1.08879817    
  0.447794199    
  0.133659869    
   1.12599933    
   1.39409482    
  0.551900268    
  0.224458084    
  0.679564059    
   4.47955355E-02
   9.78575125E-02
  0.264871418    
   1.34174478    
  0.390297115    
   2.22257590    
   1.06061053    
  0.316028118    
   1.58127666    
  0.859720707    
  0.795859754    
  0.261099458    
   3.11699224    
   1.70489299    
   5.14871454    
   1.39634228    
   1.35997736    
   3.07448916E-02
  0.450172782    
  0.230930731    
  0.964538038    
  0.359985858    
   8.68100002E-02
  0.552265406    
  0.111484163    
  0.350480735    
  0.606537223    
  0.212024793    
  0.808186233    
  0.649116397    
   1.70518346E-02
  0.186390787    
  0.554061353    
   1.52793121    
  0.696475685    
   4.55333591E-02
  0.360329181    
   1.40184975    
  0.984858513    
   1.92552638    
   4.07014973E-03
  0.201856315    
   7.36225247E-02
   2.15523505    
   1.06365824    
   1.75982082    
   2.60672569    
  0.284909070    
   3.53357792    
  0.419789881    
   1.60481119    
  0.534539402    
  0.630551875    
   1.38742578    
  0.413838476    
  0.567252517    
   2.95274444E-02
   3.15610027    
  0.394362330    
   1.43787348    
  0.208891004    
   1.29176199    
   2.60665703    
  0.403801531    
   7.62023851E-02
   1.30532205    
   5.82254566E-02
  0.389662027    
   3.73855257    
   2.42626572    
   4.07771540    
   2.05900192    
   1.06857419    
   1.76646054    
   1.29500449    
  0.366275787    
   1.31210470    
   6.60446808E-02
  0.145633921    
   1.77303970    
  0.179933980    
  0.533185363    
  0.493687153    
  0.782262743    
   1.31155872    
  0.278333396    
   1.70935214    
   1.23576283    
  0.250412136    
   1.25355899    
   5.32243513E-02
   1.65233779    
  0.723100781    
  0.946981311    
   1.41021848    
  0.990326047    
  0.409120530    
   1.19718301    
  0.930888534    
   8.11880231E-02
  0.717323542    
   1.11611819    
  0.478765547    
  0.324871182    
  0.391585737    
  0.163183957    
   1.32475436    
   3.61176115E-03
   1.29798615    
  0.117322534    
  0.967688978    
   3.24739814    
  0.725390553    
  0.963257670    
  0.140922919    
  0.137668461    
  0.889137685    
   1.10352397    
  0.954526186    
   2.60922933    
  0.438781798    
   1.57083142    
   1.44354045    
   1.08434129    
   2.29855824    
  0.223583370    
  0.584365010    
   1.85466278    
   6.11692145E-02
   2.44431853    
   1.73787999    
   1.66013885    
  0.231468275    
  0.693880439    
  0.531454563    
   1.14849758    
  0.171134770    
   1.50418878    
   1.65824068    
  0.329792321    
   1.68668771    
   1.31175828    
  0.994064450    
   8.58849436E-02
  0.734158516    
   1.32144678    
  0.414705575    
  0.743304670    
  0.451329410    
  0.951707661    
  0.413133621    
  0.149611413    
  0.116279639    
   2.22723651    
  0.318013519    
  0.628484249    
  0.309843659    
   1.96526396    
  0.293123007    
  0.212426364    
  0.210370526    
  0.993948162    
  0.196664482    
  0.163467765    
   1.16084421    
   1.60279775    
   2.74688840    
   2.11203337    
  0.161174208    
   8.56925771E-02
   1.50399697    
   8.94896612E-02
   1.16049337    
   1.14319897    
  0.796667755    
   1.35220015    
  0.697542548    
  0.396082073    
  0.337367922    
   1.95081174    
   1.25402057    
   6.31904900E-02
  0.498939037    
  0.611807346    
   1.80836272    
  0.525633216    
  0.512783706    
  0.371321142    
  0.488804430    
   1.25776350    
   1.22334516    
  0.702072501    
   1.13694811    
  0.467470825    
   1.19234359    
   1.72604525    
   3.02662039    
  0.158855513    
   1.76252079    
  0.559079945    
   1.20418477    
  0.838790536    
  0.121345773    
  0.563391745    
   6.70507923E-02
  0.152538806    
   1.19972146    
   2.84054804    
  0.450671136    
  0.479746282    
   1.13225222    
   8.98496807E-02
  0.431851357    
   1.07494736    
  0.552071393    
  0.375637233    
  0.666777194    
   1.25100756    
  0.504844427    
   3.45961881    
  0.181740612    
  0.719315708    
   1.22238076    
  0.591841936    
  0.881510377    
  0.617038012    
  0.435992748    
  0.996610999    
  0.353324592    
   1.28769600    
   8.64759684E-02
  0.150301054    
   1.14042819    
  0.111338906    
  0.536948204    
   2.15111852    
  0.326326519    
   1.79295993    
   2.19181585    
   1.41489851    
  0.756909192    
   1.53021848    
  0.618140042    
  0.108765386    
  0.756099939    
   1.50344682    
  0.687498808    
  0.124887899    
   1.07434797    
   2.03331327    
  0.408750534    
   1.25658083    
  0.780802906    
   1.76320863    
  0.172106713    
  0.575978160    
  0.764279604    
   1.63752341    
   1.81029093    
   1.66758132    
   1.94349360    
  0.886516213    
   1.20400953    
  0.176442683    
  0.544760823    
   1.09878540    
   5.05823421    
   2.10308671    
   3.15494910E-02
  0.166907981    
  0.631174386    
   1.05919003    
  0.263694018    
  0.159422159    
   1.26160693    
   3.43841687E-03
   1.82400048    
  0.333211929    
   1.03245926    
   5.88424578E-02
