  0.850352526    
 -0.253817081    
  0.459999561    
  -1.59752512    
   1.07804298    
   1.30216312    
   1.68492985    
 -0.346848011    
  -1.07087564    
 -0.200155258    
 -0.958905220    
  -1.08031440    
 -0.307251930    
 -0.657281637    
  -8.07356834E-03
  0.446092367    
 -0.899668455    
 -0.328195095    
  -3.08518410E-02
  0.589935780    
  -1.02080607    
  0.577718496    
  0.604652405    
   3.09183598E-02
  0.178807735    
  0.546190262    
   1.14367390    
   1.89429140    
  0.236448288    
  -1.19692397    
  0.215464115    
   3.21848392E-02
  0.508945942    
 -0.590697765    
 -0.109961033    
  0.640582085    
  0.572053909    
   1.27379560    
 -0.553831816    
   2.22842693E-02
   7.44805336E-02
  -5.98707199E-02
  -1.82250333    
 -0.488678455    
 -0.910319567    
   1.05938625    
  -6.09993935E-03
 -0.527160883    
 -0.693353176    
  0.142639399    
  -1.51565814    
  -1.70095921    
  -1.74310160    
  0.612368584    
 -0.823111057    
   8.50968361E-02
  0.447612762    
   1.03792143    
 -0.391911507    
   3.78098488E-02
  -1.86257946    
 -0.121078253    
   7.15494156E-02
 -0.163543224    
 -0.486084700    
 -0.563231945    
   1.47860527    
   7.64713287E-02
 -0.102768183    
  0.336122036    
   1.07188511    
  -8.73923302E-03
 -0.586150646    
  0.101490974    
  0.177497864    
  0.133205175    
 -0.967046261    
 -0.574554682    
  0.218918562    
 -0.678646088    
 -0.244456768    
  0.213768721    
 -0.402153492    
 -0.738813400    
  -5.25660515E-02
  0.137983799    
   4.30378914E-02
  0.526528120    
  0.777949095    
  0.925554514    
  0.273377180    
  0.980341196    
   1.52650595    
  -1.17376673    
  0.309551001    
  0.707847834    
  -2.05010891    
  0.444015741    
  0.933094740    
 -0.821537971    
  0.591523647    
  0.113397121    
  0.608086586    
  0.249807119    
 -0.878962755    
 -0.285047531    
  0.649218321    
 -0.425903559    
  0.118809223    
  0.474882364    
  0.694934130    
  -1.42900157    
 -0.139599800    
   2.05330753    
 -0.405627012    
 -0.693891048    
  0.380944252    
   1.26433277    
  0.382611513    
  0.221606016    
   9.87100601E-02
 -0.127701759    
   7.83774853E-02
 -0.732176304    
   5.65965176E-02
  -6.25467300E-03
 -0.662404299    
   1.16999149E-02
  0.165410042    
   7.61256218E-02
 -0.792570353    
  -1.16686487    
 -0.267832518    
  0.640228510    
   1.18433571    
   3.86562347E-02
  0.566460133    
 -0.585540771    
 -0.429789066    
   6.74123764E-02
  -8.78086090E-02
 -0.460979223    
  0.343676805    
 -0.911566734    
   9.47449207E-02
   6.33685589E-02
  0.362348318    
  0.146673203    
  -5.79795837E-02
  0.493809462    
 -0.503718376    
  0.244460583    
   1.58051109    
  0.328670740    
  0.538184166    
  0.511883736    
 -0.503551483    
  -1.10891533    
  0.134674072    
  0.721796751    
  0.271079302    
   1.35264301    
   1.02127171    
 -0.642515182    
  0.882531166    
  -8.94253254E-02
 -0.147331715    
  -5.09154797E-02
  0.464728832    
 -0.220975399    
  0.138932467    
  0.617264748    
  0.462387800    
   1.06048298    
 -0.717129230    
 -0.232674360    
 -0.985692263    
 -0.333902597    
 -0.633648872    
   1.94635391E-02
 -0.305822611    
 -0.698237419    
 -0.307156086    
  -5.25934696E-02
  0.338823080    
 -0.364519119    
  0.906157255    
 -0.821784496    
  -1.21092021    
  -1.20922828    
  -5.60648441E-02
 -0.425876617    
 -0.617631197    
  -1.52163494    
  -5.47230244E-02
  0.306245327    
   7.32476711E-02
  0.115870953    
 -0.980705261    
   8.30094814E-02
 -0.277905703    
  0.536120176    
  0.461314440    
 -0.454750538    
 -0.144342661    
  0.720984221    
   8.96141529E-02
  0.845320702    
  0.417184114    
  -1.43716025    
 -0.221127510    
  0.514716625    
  0.312056780    
  0.894019127    
  -1.35648370    
 -0.583362103    
 -0.266734362    
 -0.638119459    
  0.503331661    
  -3.73816490E-02
  -4.72795963E-02
  -5.49194813E-02
  0.222872257    
 -0.480487347    
 -0.104397058    
  -4.29909229E-02
  -5.57177067E-02
  -1.35332429    
  0.806851149    
  0.963820457    
   9.31115150E-02
   1.02491808    
  -6.55286312E-02
 -0.589784145    
 -0.388012409    
   1.25263977    
 -0.294594288    
 -0.507454395    
 -0.722106695    
  -3.04307938E-02
  0.404473305    
  -1.71565127    
   1.16741419    
 -0.968247414    
 -0.106002092    
  0.239761353    
 -0.172192574    
 -0.337519646    
 -0.487604618    
 -0.733528614    
   7.74123669E-02
  -1.31285465    
  0.829491377    
   1.01406097    
  -1.10264122    
 -0.471646070    
  0.299756050    
  0.477974892    
   1.00021982    
  0.779588938    
  0.973020077    
 -0.442796946    
 -0.777105331    
  0.209968567    
 -0.434622526    
  -1.27975821    
  0.874031782    
  0.143425465    
  -2.06359124    
 -0.777472258    
  0.122276783    
  0.225228310    
 -0.402609348    
  -6.20691776E-02
  0.149364948    
   1.25166130    
   1.02662039    
 -0.832324743    
  0.359453201    
  -7.88755417E-02
   5.99484444E-02
 -0.681432724    
  0.648044348    
 -0.750802755    
 -0.618059874    
  0.961609364    
 -0.488114357    
  0.446168184    
 -0.424863815    
   1.12055731    
 -0.872171640    
 -0.924937248    
 -0.672002554    
  -1.30044270    
 -0.457258701    
  0.197234631    
 -0.261327267    
   1.36432648E-02
 -0.430460453    
  0.427934885    
 -0.103393316    
  0.879726648    
  0.190616846    
  -1.32007587    
 -0.446680546    
  -1.62370491    
 -0.682469845    
 -0.482366085    
  0.511134624    
  0.531542540    
 -0.281987429    
  0.463464260    
  -1.07307434E-02
 -0.478994608    
 -0.575683355    
 -0.950479031    
  0.579165459    
 -0.245855331    
  0.704666615    
   1.14326334    
  -1.03493547    
  0.979495287    
 -0.215450048    
  0.747110844    
  0.449420691    
   1.19508505    
  0.378689528    
 -0.392471790    
  -4.65855598E-02
  0.206858635    
 -0.452537537    
 -0.317521334    
 -0.281973839    
  0.159165144    
 -0.128101826    
  0.428499460    
  0.490217209    
 -0.375481606    
   1.32733536    
  -1.18230438    
 -0.147043228    
  -1.32981896    
  0.369297266    
  0.255389929    
   4.33468819E-03
 -0.249121666    
   1.38666630E-02
  -1.43287110    
  0.178260565    
  0.296929836    
 -0.784016132    
   1.34640408    
 -0.127205849    
  0.131216049    
   1.27490425    
 -0.536422968    
  0.573105812    
   1.23704433    
 -0.555519581    
 -0.342131615    
 -0.342032909    
   5.46336174E-03
  0.422664404    
 -0.131704569    
  -5.11522293E-02
  -1.80940604    
  -2.82955170E-03
  -1.56767631    
  0.373545408    
 -0.543939114    
  -1.58993793    
 -0.987063885    
 -0.218036652    
 -0.577290773    
  0.402029991    
 -0.467444181    
  0.450587034    
  0.239967108    
  0.186581612    
  0.149243832    
  0.277603865    
  0.144053221    
   1.24038172    
  0.162059784    
  0.372505665    
 -0.267448425    
 -0.117286444    
   1.15182400E-02
  0.554376125    
  0.837571144    
  -4.46827412E-02
 -0.872069120    
 -0.211977005    
  -1.31134105    
 -0.751257420    
 -0.216508627    
 -0.600057602    
 -0.885089159    
 -0.428502560    
   1.56116486E-02
  -1.55596733E-02
  -1.31535530E-02
 -0.991096735    
  0.705163479    
 -0.748496056    
  0.927418709    
 -0.689641953    
  0.539917469    
  0.374268770    
 -0.872253895    
   1.03735065    
  0.831942797    
 -0.339578152    
 -0.347624302    
   1.03299713    
   1.24673176    
  0.707145214    
  0.416596651    
 -0.816336632    
  -6.00061417E-02
 -0.924396992    
  0.535673380    
  -1.05248845    
  0.287942171    
 -0.241502285    
  0.367878914    
   1.23324108    
  0.449446440    
  0.427299023    
   1.68438148    
  0.440076828    
  0.603399277    
  0.122314692    
 -0.209716797    
  0.940646648    
 -0.365273237    
  0.157555103    
   5.02567291E-02
   3.96473408E-02
  0.317820549    
  0.688948154    
 -0.243457317    
  -1.20279646    
   1.16605997    
   4.36322689E-02
  0.360440254    
  0.754203081    
  0.378368378    
 -0.207397223    
  0.930260420    
  -1.12648320    
 -0.754222631    
  0.377966881    
 -0.141075373    
   1.49453545    
 -0.260454178    
 -0.450285912    
  0.386564970    
 -0.447024584    
 -0.207207203    
 -0.752692938    
   1.98090076E-02
 -0.265498638    
  0.809933186    
 -0.990680933    
  0.778105736    
  0.878031731    
 -0.814092636    
  0.259720325    
  0.301193237    
 -0.131855249    
  0.185442209    
  0.265403986    
 -0.116037607    
   1.80337811    
  -1.01620269    
 -0.618254662    
  -1.77272105    
  0.539259434    
   1.14456320    
 -0.170275688    
  0.517235041    
  0.133665800    
 -0.944072247    
  0.203834534    
  0.626874924    
  -1.30733061    
 -0.543926477    
 -0.280653477    
   1.01181746    
  0.179199696    
  0.580353737    
  -9.10568237E-02
 -0.372535229    
 -0.497556925    
  0.185263157    
   1.62857437    
   9.31181908E-02
  -1.05406260    
 -0.747537136    
 -0.686726332    
  -3.75347137E-02
 -0.905616283    
 -0.191848040    
   1.38949871    
 -0.251930237    
  0.340483427    
  0.903612614    
  0.404784441    
  0.765572071    
  -1.06131566    
  0.809659481    
 -0.997972965    
  0.146720409    
  0.309049368    
   1.63244581    
 -0.182847977    
  0.654110193    
  0.404174089    
 -0.279331684    
 -0.588588953    
   1.15214443    
 -0.515522242    
 -0.598330498    
 -0.843742847    
  0.280412436    
  0.180141449    
  0.356471062    
 -0.406106710    
 -0.354258060    
  0.459402800    
 -0.720993042    
  -1.19556475    
  0.571582794    
  0.933840990    
  0.932755709    
  0.435058594    
  0.142128229    
  -1.89612007    
 -0.693506241    
  -6.08444214E-04
  -1.01714468    
 -0.942486525    
  0.629133701    
 -0.912984848    
 -0.742135048    
 -0.549835682    
  0.979879141    
 -0.357138872    
 -0.627150059    
  -1.09979343    
   1.03436422    
   1.00720453    
 -0.452880383    
  0.965734243    
  0.533560038    
  0.721823692    
 -0.405740261    
 -0.443402529    
  0.689848185    
   1.81244898    
 -0.134591103    
  -1.26535726    
 -0.704246283    
 -0.201770067    
   2.65755653E-02
 -0.110943556    
  -2.87451744E-02
  0.970374584    
 -0.978285313    
 -0.939005375    
   8.09812546E-02
 -0.109855413    
 -0.707666397    
   1.01635599    
  0.639191866    
  -1.15520859    
 -0.494661808    
 -0.551519871    
  0.475230217    
  -9.99348164E-02
  0.110625982    
  0.364718199    
  0.106238127    
  0.951391697    
  0.782791376    
  -1.14160192    
  -6.41248226E-02
 -0.429571152    
 -0.813295126    
  -7.08653927E-02
 -0.637759209    
  0.663325310    
   1.01728058    
 -0.429836988    
  0.888211727    
  0.596439362    
  -1.29770505    
  0.291548729    
  0.418449640    
  -3.98976803E-02
   9.37390327E-03
 -0.416734219    
  0.579498053    
  -3.39326859E-02
  0.127177715    
 -0.141536474    
 -0.496832371    
   1.03809834E-02
 -0.252395153    
   1.99260712E-02
   8.09192657E-02
 -0.310769558    
   5.84359169E-02
  0.524537086    
  0.696877003    
   1.24227905    
 -0.675152302    
 -0.327925682    
  0.377622366    
  -1.42206538    
  -1.51331115    
 -0.333546638    
   2.88143158E-02
 -0.503980637    
 -0.116582870    
 -0.503480434    
 -0.572413921    
  0.217759609    
  -3.16810608E-03
   2.78887749E-02
   3.94382477E-02
 -0.585858345    
  -3.85792255E-02
 -0.152418613    
 -0.214192867    
  0.947937489    
  0.394688845    
 -0.105692863    
  -1.63645613    
  0.420640945    
 -0.487930059    
  0.904772043    
  0.961141109    
  0.421898842    
 -0.768581867    
  -6.21604919E-03
  0.349436522    
  0.381575823    
  0.532270432    
  0.294145584    
  -2.99232006E-02
 -0.104377508    
  0.241043091    
   4.10292149E-02
 -0.980544567    
  0.557401419    
  0.645566463    
   1.20529222    
 -0.357475281    
 -0.528139353    
 -0.174145222    
  0.351439238    
 -0.426951170    
  0.363941908    
   1.03277969    
 -0.341652632    
  0.201828480    
  0.357350349    
  0.596414089    
  0.675849915    
 -0.433676720    
  0.962680817    
 -0.897504091    
  -1.16939044    
 -0.791444302    
  -1.78958809    
 -0.562269449    
 -0.634108305    
   1.54507875    
  0.979831457    
 -0.302875519    
  -5.21223545E-02
 -0.123106480    
  0.537830591    
 -0.274610996    
 -0.978276253    
   7.17067719E-02
   1.39978123    
   4.23336029E-03
  -1.44496942    
   2.02512741E-03
 -0.260808468    
   1.15622520    
 -0.501532555    
  -1.67703629E-03
  -9.62319374E-02
  0.181967735    
 -0.652718782    
 -0.227403641    
   1.30395079    
 -0.421696186    
  -1.96169853    
  0.668218613    
  0.571315289    
 -0.533995152    
  0.616117001    
  0.154164314    
 -0.279155970    
   3.80129814E-02
 -0.462924480    
  0.993062258    
 -0.148528337    
  -1.00303590    
  -1.32866514    
   1.05409813    
 -0.555403709    
  0.155018806    
  0.690391541    
  -1.00553358    
  0.662879944    
  0.298240662    
  -3.88851166E-02
 -0.612423420    
 -0.330884457    
  -1.35613656    
  -1.73316860    
 -0.336249352    
  0.272091389    
  0.561283588    
  0.403619528    
 -0.865373135    
  0.386131525    
 -0.885941267    
   1.71027803    
 -0.475505590    
  0.382881403    
  0.961507082    
  0.300277710    
   1.40400696    
  0.540642023    
   1.34735489    
 -0.440536022    
  0.602464676    
  0.477796793    
 -0.239624023    
   1.57022524    
 -0.317944288    
 -0.968119860    
  0.484425068    
 -0.405094624    
   1.06356335    
  -1.23266411    
  0.452467203    
 -0.105324745    
  0.290614367    
 -0.342931509    
  0.710473061    
 -0.133495331    
  0.994074821    
   1.04211330    
  0.200822592    
  0.450446606    
  0.193204641    
  0.779991627    
   1.63548851    
 -0.718159199    
 -0.217955112    
   1.63272429    
  -3.30941677E-02
  0.742167711    
 -0.119219303    
  0.115809202    
 -0.283911467    
 -0.192952633    
   1.18260622    
  0.809038877    
  -6.94813728E-02
  0.768971920    
  0.393996954    
 -0.106292725    
  -5.07926941E-03
 -0.115935326    
 -0.444934368    
  0.413452625    
  -4.47142124E-02
  -1.06320524    
  0.156411171    
  0.245716095    
 -0.394032001    
  0.319507599    
   1.06176043    
  0.719034433    
  0.362591982    
   1.63143587    
 -0.127596855    
  0.593826771    
  0.406177044    
 -0.431980610    
 -0.723284006    
  0.576422691    
  0.905154467    
  -1.55119073    
  0.363744259    
   1.18019962    
  0.201692343    
 -0.144317627    
  0.159255266    
  0.649394989    
 -0.244499207    
 -0.320660353    
  -1.03858387    
  -1.17550445    
  0.797641277    
  0.551733971    
  -1.02100658    
 -0.210138321    
  -1.21377182    
  -1.16812611    
  0.208407164    
  -1.02454829    
 -0.123768568    
   1.24697399    
  0.101934671    
 -0.136435986    
  -1.88690853    
  0.500723839    
  0.357558727    
 -0.594839334    
  -1.59494925    
  0.289868832    
   1.69494152E-02
  0.116626978    
 -0.244168997    
   1.44980717    
  0.652147770    
 -0.724485874    
 -0.405349970    
  -8.08889866E-02
 -0.806490898    
 -0.752183437    
 -0.960463047    
   8.75258446E-03
   8.07490349E-02
  0.581867695    
 -0.299544334    
 -0.260090828    
  0.350189686    
 -0.123003721    
   2.16474533E-02
  0.498124599    
 -0.251500130    
   1.09177113    
  0.426091433    
 -0.307418108    
  -1.42661715    
 -0.283607006    
 -0.360576153    
  0.396206856    
  -8.96625519E-02
 -0.330283165    
  -2.02894211E-03
   1.04582310E-02
  0.232380390    
  0.973326206    
 -0.255808592    
  -8.60958099E-02
  0.569191694    
   1.70776033    
 -0.544710636    
  0.609313011    
  -1.13389909    
 -0.630056381    
 -0.296552896    
 -0.892016649    
  0.440069437    
   1.07411575    
 -0.258006096    
  0.293736219    
  -1.10498738    
 -0.928015232    
 -0.646545172    
   1.00550890    
  0.522252560    
  -8.41293335E-02
  -5.24971485E-02
  -1.29195809    
  0.622774839    
  0.388717651    
  -8.83285999E-02
  -1.07825804    
   1.18427181    
 -0.373870850    
  0.966700792    
  0.149742126    
  0.788890600    
 -0.215413809    
   1.69743395    
  0.115425825    
  0.193806648    
  0.170790672    
 -0.811823845    
 -0.397544384    
  -3.03306580E-02
  0.450478554    
  -7.57150650E-02
 -0.101125240    
  0.581766844    
  0.273259163    
 -0.945795298    
  0.534385204    
  -5.80933094E-02
 -0.487035990    
 -0.460244656    
  0.235467911    
  0.104973793    
  -1.30768991    
  0.682199955    
   1.61843300E-02
  0.478516817    
 -0.533966541    
 -0.750453234    
 -0.829311609    
  0.872742653    
  -1.32356060    
 -0.479980946    
  0.594240427    
  0.257326126    
  0.327971697    
  0.100535393    
 -0.200207472    
 -0.725710630    
   1.25694847    
 -0.356204510    
  -1.69249749    
 -0.114966869    
 -0.240503311    
 -0.286849499    
  -7.03938007E-02
 -0.548022270    
  0.253294945    
  0.411065102    
 -0.725623608    
  0.226732969    
 -0.417526484    
   1.57546234    
  0.575587511    
 -0.474662066    
  -1.05501246    
  0.497213840    
  0.845227718    
  0.841823339    
  0.234111786    
  0.233028412    
  0.988787174    
   4.08778191E-02
 -0.371621132    
  0.182029486    
  -1.03640079    
  0.319574356    
  -1.08336234    
 -0.263154507    
 -0.340479612    
  -1.57011461    
 -0.979178905    
  0.245016575    
  0.952867746    
 -0.651053429    
 -0.262485504    
 -0.547838211    
 -0.695392847    
   6.26394749E-02
  0.268156290    
  0.170413733    
  0.120875120    
  0.280978203    
 -0.141559601    
 -0.289035320    
 -0.339464664    
 -0.412261963    
  0.771973610    
   1.05890083    
  -5.61983585E-02
  0.992668867    
 -0.591355324    
  0.688302040    
 -0.689534187    
   1.29666805    
 -0.354820728    
  -1.06364059    
  -6.29644394E-02
 -0.202783823    
  0.933274746    
 -0.636627674    
 -0.866525412    
  0.551484585    
  0.102457523    
  0.411286831    
  -3.64437103E-02
 -0.345677376    
 -0.714864016    
 -0.225404024    
  0.192482948    
  0.284677029    
  0.482817650    
 -0.162515879    
 -0.152760506    
  -9.83374119E-02
   6.63790703E-02
  0.960808277    
  -6.00409508E-03
   7.72559643E-02
  0.760504246    
  0.308661222    
 -0.753881216    
   1.10979080E-02
  0.280595779    
 -0.386891842    
  -3.19638252E-02
  0.602567196    
 -0.244920731    
  -1.64797223    
  0.398397684    
  0.889230728    
 -0.663384676    
  0.343811274    
  0.621434212    
   1.14477968    
  -1.46455026    
   1.10468531    
  0.422824383    
  0.362084627    
  -5.41045666E-02
  0.429806232    
  -1.13874280    
 -0.641070604    
 -0.774174213    
   1.22256660    
  0.810112953    
 -0.841151476    
 -0.359210491    
 -0.783226490    
 -0.323390007    
 -0.827914476    
  0.246343136    
  0.989080429    
 -0.100469112    
 -0.195981741    
  0.252056599    
  0.445257902    
   1.18408489    
 -0.576707125    
 -0.709588051    
  0.701445580    
 -0.215807438    
 -0.437455416    
 -0.329604149    
  0.443770647    
 -0.846909523    
  0.388968945    
 -0.243265867    
 -0.554353476    
  0.493335247    
  0.902104139    
 -0.284280300    
 -0.226126671    
  0.426895857    
  0.729460239    
 -0.318035126    
  0.609979391    
  0.128357410    
  0.297673702    
  0.733947039    
  -8.83941650E-02
  0.140021324    
  -5.44524193E-02
 -0.325067043    
 -0.845116138    
  0.329221249    
  -1.06078994    
 -0.841261864    
 -0.936826468    
  0.807621002    
  0.432897568    
  0.337250710    
 -0.294820309    
   1.31233883    
 -0.828619003    
  0.368729353    
 -0.303611517    
 -0.357390881    
   9.37652588E-03
  -1.08702230    
   1.30345821E-02
 -0.697494268    
  -1.24507546    
  0.739926338    
  0.142125368    
 -0.578396797    
 -0.975660801    
  0.825955868    
 -0.630001783    
 -0.691333532    
  0.187526941    
  0.814925671    
 -0.167679787    
 -0.940954685    
 -0.387089729    
 -0.874266863    
  0.225947142    
  0.176611662    
  0.428493023    
 -0.310852051    
  0.714141607    
  0.585941315    
  0.546449900    
  0.162553787    
   1.07821846    
  -2.66880989E-02
   1.26676559    
 -0.547326326    
 -0.560284138    
  0.393768311    
 -0.369538307    
  0.419314861    
  0.657052994    
  -1.64568424E-02
  -6.13727570E-02
  0.282406330    
  0.991707087    
  0.305324316    
   1.49423552    
  0.283315182    
 -0.484360218    
  -1.97350979E-02
 -0.234322071    
 -0.123059511    
   6.91008568E-02
 -0.237156868    
 -0.713917017    
  0.696333885    
 -0.197633743    
 -0.538225412    
  0.618649483    
  0.540789127    
 -0.639461994    
 -0.527864218    
 -0.746975660    
  0.368448973    
  0.540654182    
  0.498171329    
  0.947444201    
 -0.911831856    
  -4.99789715E-02
  0.343085051    
  0.345870018    
  0.199812889    
 -0.170393705    
   1.11871195    
 -0.421392441    
 -0.485989809    
  0.384411097    
  0.219642162    
   5.38876057E-02
 -0.711656570    
  0.141363144    
 -0.594219446    
   4.79228497E-02
   1.42137671    
  0.197709084    
 -0.167281151    
   7.27877617E-02
 -0.191863775    
 -0.519861221    
  0.135528326    
 -0.924713373    
  -6.41264915E-02
 -0.241818666    
   6.34658337E-02
 -0.576097488    
 -0.324968576    
  0.136373758    
  0.123814344    
  0.784421682    
  0.621673346    
 -0.572971106    
 -0.848909855    
  0.391633987    
 -0.304388285    
 -0.563783407    
  0.875361443    
  0.215572834    
 -0.151097536    
   2.17006588    
  0.285476208    
 -0.311497927    
  -6.36601448E-03
  0.884457111    
  0.603294134    
  0.438540220    
  -4.33521271E-02
  0.370331764    
 -0.158164024    
  0.642779350    
  0.145469427    
 -0.397020817    
 -0.319110632    
 -0.478744268    
 -0.270911455    
 -0.212154150    
 -0.462081909    
   1.06415701    
  0.147513390    
  0.362512827    
   4.91275787E-02
 -0.650633812    
   1.37062740    
 -0.133802652    
   9.04772282E-02
  0.460604191    
  -7.67321587E-02
  0.106354952    
  0.199685574    
   2.95007229E-02
 -0.114233494    
 -0.457501888    
  0.619853258    
 -0.133403301    
  0.664597988    
  0.649656296    
   2.59883404E-02
  0.617880344    
 -0.418008089    
  0.356403112    
  -1.23362017    
 -0.182738543    
  0.734488964    
  0.699930429    
 -0.720625639    
  0.255294800    
  0.230509520    
  0.432438374    
  0.177901030    
   5.85732460E-02
 -0.413412333    
  0.290155172    
  0.122181416    
  0.408322334    
   1.45733309    
 -0.258130789    
 -0.519242764    
   1.41392183    
  -1.23744345    
 -0.478416681    
 -0.506980419    
 -0.732912302    
 -0.733422518    
  -2.70633698E-02
   4.17718887E-02
  0.354397535    
 -0.775501251    
 -0.374967337    
 -0.100212812    
 -0.945720196    
  0.295309067    
  -5.42473793E-03
 -0.163798094    
  0.993660212    
 -0.572793007    
 -0.749789953    
   1.09827805    
 -0.826330423    
  0.627845526    
  0.651816845    
 -0.460227728    
 -0.803637505    
  0.465935469    
 -0.718657255    
   1.40504885    
 -0.171390295    
  -9.37757492E-02
 -0.140814304    
   1.02264023    
  -1.74045730    
 -0.621471643    
 -0.676400661    
   1.64416218    
 -0.192228794    
 -0.300291777    
 -0.226933241    
 -0.793545246    
 -0.533871651    
  -1.11477876    
 -0.904064655    
   9.70342159E-02
  0.667554617    
 -0.800527573    
  0.163943052    
 -0.653362513    
 -0.814043999    
  0.695734978    
 -0.479254007    
  0.165943861    
  0.455023527    
   1.36456919    
  0.419267893    
  0.288788795    
  -1.07762146    
 -0.442945957    
  0.654854298    
  0.256193638    
   1.88910580    
   1.87140656    
   3.89130116E-02
  0.298460007    
   1.92141628    
  -1.56460166    
  0.973986149    
 -0.720469952    
   1.97434092    
 -0.806249142    
  0.894307613    
  -7.09810257E-02
  -1.04645395    
  0.254823446    
  0.246339083    
 -0.615937471    
 -0.433192015    
 -0.702856541    
 -0.559148073    
  -1.26996398    
  0.972402573    
 -0.681900978    
 -0.869118690    
   1.03184891    
 -0.174942255    
 -0.507435799    
  0.687988281    
  0.361941338    
  0.140604019    
  -1.27378559    
 -0.635914564    
  -6.69479370E-03
 -0.298140049    
 -0.873745918    
  0.663837194    
  -2.16316843    
  -1.13639069    
   7.38968849E-02
  0.783553600    
  0.570216179    
  0.463523626    
 -0.331874847    
   1.06703281    
   9.24477577E-02
  0.658540726    
  0.911911726    
 -0.669903278    
  0.819343090    
  0.548257828    
 -0.403090000    
  0.754627466    
 -0.399354696    
 -0.112086058    
  0.260342360    
   1.28679943    
 -0.331861019    
  0.212707520    
   9.94760990E-02
 -0.185772181    
  0.277828217    
  0.344842434    
 -0.498000622    
 -0.123604774    
  -1.36102426    
  -1.26526237    
  0.205731630    
 -0.315655708    
  0.169549942    
   2.83513069E-02
  0.360145569    
  0.110187292    
  0.735661983    
  0.392125130    
  -1.31643677    
  -6.41360283E-02
 -0.114737988    
 -0.562700987    
  -1.18535113    
  0.229291439    
   1.02414942    
  0.514485359    
 -0.947361708    
  0.316586494    
  0.913430929    
   5.12113571E-02
  0.607062578    
  0.665428162    
 -0.794699192    
  -4.25941944E-02
  0.594514370    
 -0.345994949    
  0.471676111    
 -0.272033453    
   9.59796906E-02
   1.16100168    
  -1.20809281    
  0.440335751    
  -4.78494167E-02
  0.548895359    
  0.280315161    
   1.14433908    
 -0.107311726    
  0.425016880    
  0.475881577    
  0.995901108    
  -2.58753300E-02
   1.22055912    
  0.905814886    
 -0.730870485    
 -0.744980335    
  -4.84488010E-02
  0.396564722    
 -0.301344872    
  0.983952045    
 -0.646005154    
 -0.963766813    
 -0.603918552    
  -1.00089204    
  -1.15822220    
 -0.404519081    
  0.687368870    
 -0.193623543    
 -0.748979568    
   1.04083061    
  -1.19813788    
  0.536300421    
  0.186110020    
 -0.584534407    
 -0.973085880    
 -0.102624893    
 -0.269540548    
   1.28148317    
   1.06762457    
 -0.724651098    
  -1.20379603    
  0.777548552    
 -0.447746754    
 -0.253323793    
  0.779915571    
 -0.752517462    
  0.221054554    
  0.659847736    
 -0.426555872    
  0.407397270    
  0.638453484    
 -0.503872395    
   1.34882069    
  -1.07245445E-02
 -0.259098530    
   7.78334141E-02
  0.790880680    
 -0.220510006    
  0.776284933    
  0.674735546    
  -1.11734891    
  0.839403629    
  -2.76875496E-03
  -1.12889802    
  0.313235760    
 -0.524951458    
   9.52706337E-02
 -0.225733280    
  0.198627472    
 -0.922037601    
  0.945513248    
  0.746141195    
  0.973842621    
   6.76615238E-02
  0.254565477    
   1.27666473    
 -0.887134314    
  0.145404339    
  0.497679234    
   1.76515961    
  0.592135429    
 -0.838264704    
  0.204760075    
 -0.190686464    
  0.747488499    
 -0.194075346    
  0.301405907    
 -0.301045418    
  -3.66396904E-02
  -1.04724479    
   1.28680897    
 -0.147128582    
  0.154282808    
 -0.866687536    
  -2.02920437E-02
 -0.135941982    
 -0.286849260    
   1.83351469    
 -0.795027018    
  0.123304844    
 -0.806331396    
  -1.12047458    
  0.653403282    
   8.44550133E-02
  0.176149130    
  0.672472239    
 -0.204138756    
  0.265418291    
  0.417788744    
  0.863982439    
 -0.164593697    
 -0.436913013    
   1.08239460    
 -0.101604462    
  0.744076729    
 -0.542457104    
  0.443236828    
 -0.150555134    
 -0.912073374    
 -0.511080503    
  0.245596647    
  0.117442846    
   1.23857641    
 -0.482347012    
   1.92996740    
  0.651781559    
  0.603631735    
 -0.851736307    
  -2.06919241    
  -2.30557919E-02
 -0.501663208    
 -0.349305153    
   9.32123661E-02
  0.818443298    
   5.83617687E-02
  0.557385445    
 -0.587112904    
  0.147597790    
   1.02552366    
  -3.59447002E-02
  0.827829123    
   5.54170609E-02
 -0.126786709    
 -0.354789972    
  0.216876507    
  0.460382938    
  0.803988695    
   5.26809692E-03
  0.453825951    
  0.688804865    
 -0.124757290    
 -0.490653276    
  0.427978516    
  -1.48415756    
  0.510200500    
  -1.30444098    
  0.635880470    
  0.833243370    
  0.298800945    
   1.06930828    
  0.368963480    
  -1.04084921    
 -0.550980091    
  0.250640392    
  0.415193558    
  0.285675526    
   1.17500401    
   1.47515345    
 -0.459324837    
 -0.298133850    
 -0.107188702    
  -1.31837702    
  0.471063137    
  0.702411890    
   1.36414623    
 -0.328508615    
   5.03652096E-02
  -1.20706594    
   1.26983643    
  0.460378647    
  -7.33149052E-02
   1.35835934    
 -0.134960651    
  -6.32224083E-02
  0.673765898    
 -0.626385927    
 -0.420235634    
  -9.01427269E-02
 -0.966961384    
 -0.287282705    
 -0.445709705    
  0.564625740    
  0.499403000    
 -0.617842674    
  0.960007668    
 -0.276313782    
   1.03411913    
  -1.55875671    
  0.857932329    
 -0.295358181    
  0.531800508    
 -0.494707346    
 -0.259248257    
  -1.19422698    
 -0.263253212    
 -0.197639465    
  -1.39516997    
  0.565858364    
  -7.44414330E-02
   6.06284142E-02
 -0.669220924    
  0.491399288    
  0.638899326    
  -1.03809619    
  -1.69649279    
 -0.480979919    
  0.789602041    
 -0.493504047    
 -0.726789951    
 -0.519835472    
  0.217441559    
  0.467493057    
 -0.179282665    
  0.192098618    
   1.40659046    
  -8.37478638E-02
  0.220279455    
 -0.711019039    
   1.02336359    
 -0.625522614    
  -1.46121907    
 -0.135664225    
  0.382082939    
  0.218759060    
  0.873927593    
 -0.100493193    
   1.69066525    
  0.303259134    
   2.13226986    
   1.64877510    
   1.82834673    
 -0.272476196    
  0.298953295    
 -0.330959797    
 -0.453485012    
 -0.100949764    
  -9.82334614E-02
  0.379168749    
 -0.576059341    
   4.21333313E-02
 -0.263851166    
 -0.728707075    
  -5.44500351E-03
  -1.39326382    
   7.93695450E-03
  0.191208363    
   1.61297655    
  0.964031458    
  0.297084093    
 -0.120400906    
  0.383534193    
  0.485640287    
 -0.365458012    
  -1.78948867    
 -0.200042009    
  0.600972176    
  0.366782904    
  0.599190712    
  0.136607170    
  0.129889488    
 -0.106727362    
  0.485558987    
 -0.650702238    
  0.817969084    
 -0.857950687    
 -0.662348986    
 -0.357362986    
 -0.424982786    
   4.97031212E-03
 -0.454746008    
 -0.232316256    
  0.392211914    
 -0.572787523    
  0.762185574    
   1.45215988E-02
   3.64556313E-02
  0.113477945    
  -1.23190832    
 -0.250692368    
   1.32777262    
  0.579040051    
  0.101618528    
   7.00943470E-02
 -0.327805042    
 -0.587855101    
 -0.551173210    
  0.236200809    
 -0.656082869    
  -1.23737812    
  0.100915432    
 -0.391993523    
  0.691075325    
 -0.202510834    
  -1.09551382    
  0.349105358    
  -9.95173454E-02
   1.39872313    
  0.122144699    
   1.08853722    
   8.25297832E-02
  -1.07164121    
  -1.34387875    
  -2.21832180    
  0.480208158    
 -0.617843151    
 -0.413955450    
  -6.59191608E-02
 -0.559581041    
 -0.440538883    
 -0.154823780    
 -0.698194981    
 -0.527043581    
  0.465600014    
 -0.822708368    
  0.581816673    
  -1.33701754    
 -0.528559685    
 -0.190043926    
 -0.156878233    
  -1.00716865    
  0.571801186    
  -4.30324078E-02
  0.770458937    
 -0.540884256    
  0.782547951    
  0.759429455    
   8.78667831E-03
  0.808555126    
 -0.155341864    
  -1.02777350    
  0.369509697    
  0.886676311    
 -0.134438992    
  0.285199404    
 -0.435226917    
   1.27384949    
   1.02867508    
 -0.604402304    
 -0.828331709    
 -0.134441853    
  0.966399431    
  0.123961449    
 -0.607305765    
  0.256497860    
 -0.737411976    
  -2.12719440E-02
 -0.427188873    
  0.281736374    
  0.212266207    
  -1.01084864    
 -0.881544113    
   1.12451410    
 -0.472254753    
  -1.46905255    
   1.44930696    
  0.297591686    
  0.514770746    
  -1.63623118    
 -0.435465574    
  -1.63158143    
 -0.746563196    
  -2.36969781    
 -0.578427553    
   3.61928940E-02
  0.726657152    
  0.350552559    
  -1.14417720    
  -1.14932501    
 -0.865602493    
 -0.240479946    
  0.847692490    
  0.256364822    
   1.23490906    
 -0.450933456    
  0.916002274    
 -0.137945175    
   8.88233185E-02
 -0.873869896    
 -0.335157156    
  0.692490578    
  0.501573563    
  0.494316578    
  -1.51428330    
  0.195801973    
  0.431630611    
   2.42513132    
 -0.626567602    
  0.308863878    
   1.29651070    
  -1.05164766    
 -0.162585020    
  0.251573086    
  0.435540199    
 -0.218120575    
  0.953790426    
 -0.275061846    
 -0.564455509    
 -0.263393402    
 -0.707233906    
  0.613621950    
 -0.565906525    
  -4.71329689E-03
   7.56878853E-02
 -0.609705925    
 -0.426702023    
 -0.491536140    
   1.33100939    
  0.628686905    
 -0.786801577    
 -0.458143234    
 -0.164314270    
  -1.20050120    
 -0.124029160    
  0.616887808    
   1.32062054    
 -0.709568977    
 -0.642732382    
 -0.117650032    
 -0.210306168    
 -0.162905216    
 -0.296788216    
 -0.202686310    
   1.37326956    
  0.281006098    
  0.915515423    
 -0.780525208    
  -1.33518732    
  0.578415394    
  0.271570921    
 -0.862921238    
 -0.650937796    
   1.00198412    
 -0.899356842    
 -0.409991503    
 -0.114066601    
  0.151478767    
 -0.985876083    
 -0.200510740    
  0.149812222    
 -0.458627701    
 -0.635462523    
 -0.508380413    
 -0.963597059    
 -0.585508347    
  -1.26835430    
  0.510514736    
  0.294254065    
 -0.725002766    
   6.42609596E-02
   8.95495415E-02
 -0.328171015    
 -0.136071205    
 -0.393212795    
  -3.33616734E-02
  -1.27996516    
  0.364469290    
  0.640219450    
   1.10897636    
  0.547212362    
  0.304488659    
  0.570567608    
  0.635434151    
   3.14197540E-02
 -0.295829058    
 -0.658438683    
   1.81407833    
 -0.802378178    
 -0.240260601    
  0.618537664    
   8.10556412E-02
 -0.258902073    
  -1.16704559    
  0.343987465    
  0.440254450    
  0.723003864    
 -0.485838890    
  -1.03869200    
  0.771759510    
  0.782686710    
 -0.733099461    
  -5.45744896E-02
   1.71813583    
   1.36317158    
 -0.835505486    
  -1.95071483    
  0.110357761    
  0.362490177    
 -0.122416019    
  -3.25405598E-02
 -0.104453564    
 -0.633156061    
 -0.525867939    
  -1.49641991    
 -0.292105913    
 -0.590211391    
  0.957263947    
   6.33544922E-02
  0.831850052    
  -1.43885946    
   7.19316006E-02
  -1.76950490    
  -1.35335922E-02
  -1.04223657    
   5.24168015E-02
 -0.683791637    
 -0.748751402    
  -6.41210079E-02
  0.513402224    
 -0.442611217    
  0.630258799    
  -9.29005146E-02
 -0.428108692    
  0.568742037    
   9.79769230E-02
  0.275858402    
 -0.946302652    
  0.335034847    
  0.371284008    
 -0.175769329    
 -0.388012886    
  -9.96332169E-02
 -0.439211607    
  0.287243128    
  -7.28859901E-02
 -0.969293594    
   1.04403830    
 -0.217599154    
   1.05068541    
  0.924006224    
  0.665021896    
 -0.811559677    
  0.234279633    
  -1.13616896    
 -0.813945293    
  0.337736130    
  0.962367058    
  0.536314011    
  0.567204714    
  0.172983885    
   6.61730766E-03
  0.764703751    
 -0.180668354    
  0.405812740    
 -0.654859781    
  0.525087357    
   1.02431774E-02
  0.582717180    
  0.695525646    
  0.473730087    
  -1.49205363    
  0.352661133    
  -1.32316184    
  0.854075909    
 -0.319326162    
   1.41208410    
 -0.143733025    
  0.511483669    
  0.498328686    
  0.367619514    
  0.252067804    
  0.934086084    
 -0.754257679    
   1.24448490    
  0.912302971    
   1.78072023    
  0.428598404    
  -1.40662956    
 -0.102816105    
  0.592226267    
  0.366321802    
  0.799687862    
  -1.42826629    
  0.228688240    
   1.17332649    
  0.182620287    
   1.58066988    
 -0.217180490    
  0.968035460    
 -0.202703714    
 -0.495038033    
  0.878115892    
  0.982914448    
  0.312152147    
 -0.101222038    
 -0.310544968    
 -0.155845642    
   1.01373577    
   1.16325903    
   1.02089739    
   6.39758110E-02
  -1.48410392    
   9.98904705E-02
 -0.741634369    
  0.279181957    
   1.29827595    
 -0.545534849    
  0.333286047    
  0.895240784    
 -0.647100449    
 -0.418585300    
 -0.938399792    
 -0.141538858    
 -0.476382494    
  0.702243567    
 -0.249074697    
  0.344105482    
   2.59542465E-02
 -0.105199814    
   3.51786613E-03
  0.705831528    
  -1.41040361    
  0.544941902    
   2.07315922    
 -0.301164627    
  0.703876495    
  -1.04795909    
   4.94279861E-02
 -0.404742479    
  0.749614716    
  0.474810839    
 -0.511673212    
  0.838277817    
  0.591773510    
 -0.669128418    
 -0.862764359    
  0.846399307    
   1.35986710    
 -0.305374861    
  0.627791643    
  0.431228161    
 -0.753597498    
 -0.447704554    
  0.219544411    
 -0.402405500    
  -1.43957329    
 -0.341010094    
 -0.490716219    
  -1.46030474    
  0.410377026    
  0.197339058    
  -3.59649658E-02
 -0.369981289    
 -0.136955500    
  -1.30009651E-02
 -0.390540838    
 -0.866576433    
  0.231885672    
 -0.547492266    
 -0.457716703    
  0.541975737    
  -5.25953770E-02
 -0.488217592    
  0.201845169    
  -1.03997993    
  -1.47024918    
  0.127995729    
  0.716087818    
  0.647670984    
  0.777680635    
  0.120706558    
  0.258896828    
  -1.90353394E-03
 -0.206787825    
  0.134018898    
 -0.194606066    
 -0.930423737    
 -0.576292992    
 -0.436363935    
 -0.755969763    
 -0.146504402    
  0.982048750    
   1.23534918    
  0.583731651    
  0.821964502    
 -0.314879656    
 -0.175049543    
  0.213192701    
  0.584268093    
  -1.71414292    
  -1.23024905    
 -0.446218491    
 -0.425196171    
 -0.464850903    
  0.675110579    
  0.258654594    
  0.412556171    
  -1.12762618    
  0.335335016    
  0.307253838    
  0.349299669    
   1.26036310    
 -0.851864576    
  0.160299063    
  0.225810289    
 -0.449522972    
  -1.54638004    
  0.104828596    
  0.444849968    
   1.13542271    
  0.676743031    
  0.259800911    
 -0.199366093    
 -0.272760153    
 -0.809981585    
 -0.794753075    
  0.927979469    
  0.371007442    
 -0.676274300    
   1.34042883    
   9.04498100E-02
  0.981526613    
 -0.630468130    
 -0.210620642    
 -0.555780888    
  0.611314535    
   1.14344120    
   1.06878042    
 -0.187926531    
 -0.395458221    
 -0.378879547    
  0.303514957    
  -1.36249316    
 -0.277661085    
 -0.566538811    
  0.994985819    
   1.97858191    
  0.181903601    
  0.570842981    
 -0.425693989    
 -0.278784275    
  0.196450233    
  -1.11434543    
   1.14040709    
  -9.66989994E-02
  -1.32878566    
  -1.21191347    
  0.641365528    
 -0.118406057    
 -0.288970947    
  -1.03305995    
  0.176181316    
 -0.535557032    
  -1.52578878    
  -8.96754265E-02
  -1.74165463    
  0.155237198    
  -1.10190177    
  -2.98771858E-02
  -1.03220475    
  0.191643238    
 -0.548316002    
  -1.36464691    
  0.530181408    
 -0.497674227    
   1.22532654    
  -1.59809589E-02
  0.822374582    
   4.70590591E-02
 -0.663737774    
 -0.632871866    
  -2.03289986E-02
  0.815199852    
 -0.403792620    
  0.432468176    
  0.104455948    
 -0.131222963    
  0.827513218    
  0.545150280    
  -1.30100250E-02
  0.329121113    
  0.459078312    
  -1.17773533    
 -0.481143475    
  0.273860455    
  0.400387287    
  0.227249622    
  0.871318340    
 -0.351769924    
 -0.906330585    
  0.562185526    
  0.288643360    
  -4.23913002E-02
  0.532824516    
  0.845506668    
  -1.20751548    
  0.813596964    
 -0.306491852    
 -0.648254633    
  0.263635635    
 -0.319652081    
  0.287214994    
 -0.395240784    
  0.611320496    
   1.35712385    
 -0.577862501    
  0.267271996    
 -0.312686443    
   1.13637257    
  0.253442287    
  0.205087662    
 -0.994225979    
  0.500199795    
  -1.41863823E-02
 -0.502729416    
  0.587903738    
  0.257797718    
 -0.124831438    
  -1.10023355    
 -0.166080236    
  0.767940044    
  -1.00988030    
 -0.293211699    
 -0.144536495    
  0.157055378    
 -0.672055244    
  0.201926470    
   1.17290068    
 -0.608484030    
 -0.598614454    
  0.211871386    
  0.933518887    
 -0.687887192    
 -0.329100609    
 -0.197636843    
   4.43146229E-02
 -0.833464384    
  0.833268166    
   5.64205647E-02
 -0.636237860    
  0.501632690    
 -0.610945940    
  0.675902605    
   1.18229723    
  -1.11914849    
 -0.519216061    
 -0.649573088    
 -0.901402950    
   5.92417717E-02
  0.364898205    
   1.06823206    
  -2.77409554E-02
 -0.606141090    
 -0.177631617    
 -0.344770670    
 -0.644159317    
  0.667449951    
   1.56393147    
   1.04649305    
  0.787961721    
  -1.58682227    
  0.410842657    
  0.101292610    
 -0.122596502    
 -0.463347912    
  0.273108006    
  0.617124081    
  0.259567738    
   1.10615158    
  0.902112246    
   5.94329834E-03
  0.667674541    
  0.688752651    
  -5.99503517E-02
  0.109089136    
 -0.418488026    
  0.852071285    
 -0.247121811    
  0.267214775    
  -1.07031202    
  0.972824097    
 -0.558742523    
  0.273184776    
  0.845389605    
  0.815351009    
  0.112517357    
   1.18103361    
 -0.420392990    
   1.00123835    
  0.155355215    
  0.396641254    
   1.02249956    
 -0.990474224    
 -0.103636742    
 -0.822120667    
  0.431383848    
  0.144370317    
  0.322315693    
  0.278059006    
 -0.113575459    
  -1.51658702    
   6.20346069E-02
 -0.319584846    
 -0.584510803    
 -0.168064594    
 -0.261007309    
   1.31721163    
   2.18415260E-03
 -0.212763309    
  0.791230679    
 -0.618466616    
 -0.646227360    
  0.253568649    
  -8.61623287E-02
 -0.584214449    
 -0.664128065    
 -0.760145664    
 -0.451700211    
  0.425209284    
  0.367917776    
   1.04945183    
 -0.191736698    
  0.456188917    
   3.16882133E-03
  0.477387190    
 -0.216707945    
   1.59298420    
 -0.505082846    
 -0.353883505    
  0.541022301    
 -0.420217514    
 -0.507789373    
  0.973293781    
 -0.154142141    
 -0.339962959    
 -0.417357922    
  -1.66513848    
  -1.26464367E-02
 -0.467925549    
 -0.446153641    
 -0.679807901    
 -0.211502075    
  0.566968441    
 -0.106637478    
 -0.140985489    
  0.806364059    
  0.608750582    
  -7.01882839E-02
 -0.261911154    
 -0.311375618    
 -0.293890953    
 -0.245185375    
 -0.670789719    
  0.157044888    
  0.702749968    
 -0.427690744    
 -0.732325077    
  0.502318859    
  0.198449850    
 -0.816198587    
  0.549257278    
  0.613614321    
   1.46475315    
 -0.372174978    
  -7.13596344E-02
  -2.39755535    
 -0.312361956    
 -0.772984028    
  0.108350754    
 -0.526835203    
   1.02642727    
  -1.90131736    
 -0.905803442    
 -0.183197498    
   4.91724014E-02
  -1.50760770    
 -0.272909641    
  0.443994999    
  0.856426239    
  0.414075851    
   1.08389235    
  0.464721918    
 -0.791838408    
 -0.384960413    
  0.638988733    
  -2.17132568E-02
   9.62238312E-02
  0.739495754    
 -0.148783684    
  -8.77828598E-02
  0.597862720    
 -0.473610878    
  0.843762875    
  0.313892365    
  -1.36079800    
   3.31888199E-02
  0.638906956    
   1.25711870    
  0.455824852    
  0.320348263    
 -0.397567511    
 -0.943754673    
  0.624251842    
 -0.893872976    
 -0.436599255    
  -1.15375996    
 -0.353271723    
  -1.28731632    
  0.240147829    
  0.216840506    
 -0.934418201    
 -0.648693085    
   3.17654610E-02
  0.174856663    
 -0.643057108    
  0.824238539    
 -0.130910873    
   1.10769939    
 -0.374655247    
  0.114985228    
   2.17700005E-02
 -0.547301769    
  0.974211216    
  0.533952475    
  0.791033983    
 -0.285616636    
   1.23458004    
  0.151396036    
  -5.66940308E-02
   1.20063019    
 -0.709797144    
 -0.675134897    
 -0.211253881    
 -0.683003426    
  0.170983315    
 -0.149041891    
   9.00845528E-02
  0.133763075    
 -0.386062622    
  0.171393871    
  0.252100468    
   8.81876945E-02
  -6.30803108E-02
   1.07878160    
  0.277562857    
  0.461698771    
   1.26330805    
  0.362222195    
  0.406008482    
 -0.522314072    
  0.446348190    
  0.947080612    
 -0.772910118    
 -0.147289753    
 -0.158223867    
   3.55660915E-02
  0.263418674    
 -0.378738403    
 -0.532521725    
 -0.101392269    
   1.62149858    
   1.39238834E-02
  -7.89320469E-02
   9.94467735E-02
   2.01106071E-02
  0.763952255    
   1.76133585    
 -0.610408068    
 -0.465520382    
  0.588506222    
 -0.308851719    
   1.25849342    
   1.43393230    
  -1.37407398    
 -0.762448311    
 -0.334420681    
  -1.09979153    
   8.69796276E-02
  0.399086714    
  0.573801279    
  -1.51117277    
 -0.523242474    
 -0.341283321    
 -0.620888472    
 -0.751707077    
   3.81517410E-03
  -5.70638180E-02
  0.225967407    
  0.330872536    
  0.607935905    
  0.185194492    
 -0.583141804    
 -0.581577778    
 -0.455095768    
  0.178604841    
  0.197094679    
 -0.248986483    
 -0.788209438    
  0.169597626    
 -0.292504311    
 -0.488504887    
  0.492775917    
   1.52210903    
  0.500759363    
  -1.55020130    
  0.636346102    
 -0.396484613    
 -0.351464272    
  0.157761812    
   1.26494646    
  0.227665901    
  0.453457355    
  -1.01769912    
 -0.686946630    
   1.19959545    
 -0.525404215    
  -1.23353195    
 -0.131017208    
 -0.393266439    
  -8.30411911E-04
   1.06975222    
  0.391253471    
 -0.271688461    
 -0.453481197    
   1.41638756    
  0.135938168    
  0.473314524    
  0.146141291    
 -0.109379292    
 -0.603425264    
 -0.287315369    
  0.931575060    
  0.239974976    
 -0.924457073    
  0.635727167    
  0.947115898    
  0.933726311    
 -0.974542141    
  0.515901089    
  0.289635658    
  0.512845039    
  0.745142221    
 -0.153612614    
  0.587782860    
  0.456104279    
 -0.486326218    
 -0.966654301    
 -0.275011539    
  0.227994680    
 -0.343935966    
  0.141839504    
  0.376526833    
  0.356110573    
   6.83381557E-02
  0.147294998    
 -0.164812565    
 -0.537315369    
   1.43209600    
  0.280877352    
 -0.417078257    
  0.941041231    
   1.87922621    
  0.102397203    
   1.01141977    
   2.42319107E-02
 -0.391021013    
 -0.903977156    
 -0.588196516    
   1.33630800    
  -1.22638702    
   1.20601177    
 -0.228510857    
  0.292462587    
  0.244782686    
  0.155134201    
   7.81321526E-03
  0.628542423    
 -0.391915560    
  0.323142052    
  0.340076447    
 -0.338058472    
  0.698615074    
  0.438160896    
   9.75389481E-02
 -0.188499451    
 -0.338705778    
 -0.171991825    
 -0.171980858    
  -1.20773768    
  0.493188381    
  0.197188377    
  0.624989510    
 -0.487337112    
 -0.152715921    
 -0.676694155    
  0.402338743    
  0.637876749    
  -1.12816572    
   1.12331963    
 -0.366063595    
  0.710968256    
  0.743837357    
 -0.759430885    
 -0.431494713    
  0.344150066    
  -1.81989670E-02
 -0.581859112    
 -0.130762100    
  0.431200981    
  0.147566795    
   1.01754570    
 -0.873728037    
  -1.46299601    
 -0.695710182    
 -0.199945688    
  0.515951157    
  0.389038563    
   1.07326508    
   1.10246038    
  0.117346287    
  0.394001007    
  0.344540119    
  -3.40294838E-02
  0.303063869    
  -1.06654644    
 -0.225118876    
  0.359359741    
 -0.485732794    
 -0.818455219    
  0.945678711    
 -0.496595383    
 -0.486677885    
  -5.06527424E-02
   1.37670755    
  0.992555141    
 -0.812152386    
  0.321286917    
 -0.659734488    
   1.02831697    
 -0.325842857    
  0.905521393    
  0.695072889    
  -5.98604679E-02
  0.559909344    
  0.275974751    
  -5.58471680E-03
   6.56082630E-02
  0.767905235    
 -0.225032330    
  -1.47768116    
  0.793286324    
  -1.19952345    
   1.31394958    
   1.89401674    
  -1.14866233    
  0.125004768    
   1.11475611    
  0.351244450    
  0.917144775    
 -0.605386734    
  0.423933506    
  0.636749744    
  0.528821230    
   1.07405329    
 -0.471265078    
   8.15730095E-02
  0.390928745    
   1.39960670    
   1.76516151    
   1.38663197    
 -0.652413368    
  0.235354662    
 -0.197415113    
  0.937872410    
  -6.88309669E-02
   5.90975285E-02
  0.934504747    
  0.303212404    
 -0.628770113    
  0.260415792    
 -0.828854322    
 -0.166969776    
  0.806146622    
 -0.555868864    
  0.711391449    
 -0.568802357    
  -1.39732480    
 -0.488560438    
 -0.858135223    
   1.44345331    
  -1.32979536    
 -0.166618347    
  0.107470751    
  0.477059841    
   1.27391100    
  0.495010853    
 -0.371844530    
   1.00023508    
   6.65950775E-03
 -0.302542448    
   1.43483639    
 -0.282059669    
 -0.705455780    
 -0.961272717    
 -0.562000990    
  -9.04953480E-02
   3.86381149E-02
  0.805031300    
  0.895201206    
  -1.29988503    
 -0.664648056    
  -1.16175878    
 -0.120870352    
   1.24534893    
  -1.37479913    
  0.266918898    
 -0.633876801    
   9.21585560E-02
 -0.519322157    
 -0.107241631    
 -0.414348602    
  -1.25447083    
  -1.47965813    
  -5.75053692E-02
  0.164648294    
 -0.275133610    
 -0.602020264    
  0.966396570    
  0.447818518    
  0.200733662    
 -0.230065823    
   1.31442833    
 -0.384786606    
  0.167472839    
 -0.114928961    
  0.535952330    
   1.22744370    
 -0.733448029    
   9.07180309E-02
 -0.544465780    
 -0.810988903    
 -0.742462158    
  0.562914371    
 -0.232858658    
  -1.25086117    
  0.598025799    
  -4.84409332E-02
  0.350373983    
  0.766709566    
  0.157765150    
 -0.451130867    
  0.585299253    
  0.979943752    
 -0.460690975    
 -0.156688690    
  -1.03050518    
 -0.353680849    
  0.509158134    
  -1.11465573    
 -0.403236389    
   1.05653429    
  0.490664005    
  0.456908703    
 -0.898402214    
  -1.12562108    
 -0.470512390    
 -0.623338461    
   1.14851522    
 -0.299505234    
   6.93747997E-02
   1.28891420    
   1.08589268    
 -0.610929728    
 -0.421072960    
 -0.349570274    
  0.542351484    
   1.24267817    
  -1.00991976    
 -0.575490952    
  0.574909925    
 -0.254456758    
 -0.557226658    
  0.518764019    
  0.243984699    
   6.84120655E-02
   8.34414959E-02
  0.222421169    
  0.812936068    
  -4.40497398E-02
  0.751245975    
 -0.771677017    
  0.806230545    
  0.112315655    
 -0.407932758    
  0.566144943    
  0.486312866    
 -0.728660107    
 -0.450073481    
  0.333643913    
  -4.17041779E-03
   7.21173286E-02
  0.413020611    
  -2.18566728    
 -0.982485771    
  0.417766809    
  0.357681513    
   1.28676510    
 -0.359164476    
  0.679584980    
  0.815085411    
 -0.429332018    
 -0.123619080    
 -0.778310299    
  0.411785603    
 -0.586778641    
 -0.876324654    
  0.287081480    
 -0.237596989    
   9.33160782E-02
  0.469794750    
   1.14789009E-02
  -8.90934467E-02
  0.672155142    
  -5.32402992E-02
   1.05381441    
  0.371587753    
   9.46507454E-02
  0.540596724    
 -0.805113554    
   8.43408108E-02
  0.287071705    
   1.32182932    
 -0.195301533    
  0.393613100    
  0.784164906    
  0.816748142    
  0.992558718    
  -1.28316915    
 -0.242826700    
 -0.429516077    
 -0.859649420    
  0.483060598    
 -0.817044973    
   1.43521500    
  0.623021603    
  0.474508524    
 -0.217875004    
  0.447323799    
  -7.76958466E-03
 -0.859134436    
   1.04478264    
  -7.56483078E-02
  -8.68904591E-02
  0.757691145    
 -0.177475452    
  0.166385412    
  0.841915369    
  0.482878447    
  0.800888062    
 -0.642789125    
 -0.228877544    
 -0.253885031    
   1.13278770    
  0.654914141    
 -0.188258648    
 -0.456313610    
   1.39138746    
  -1.02138340    
 -0.107060909    
 -0.130377293    
  -1.09395099    
  -1.11637962    
  0.411950588    
 -0.712305784    
 -0.490406990    
  0.496599436    
 -0.915998220    
  0.328847647    
   1.30609894    
  0.610702038    
  -9.49294567E-02
  0.610288382    
 -0.275713444    
 -0.251983881    
 -0.551383495    
 -0.234398842    
 -0.827517509    
  -1.28876650    
 -0.406097412    
  0.683038473    
 -0.708989382    
  0.783157349    
  0.415407896    
  0.172631264    
 -0.106284142    
 -0.496070862    
  0.210049868    
 -0.490384340    
 -0.248912573    
 -0.690997124    
  0.384693146    
 -0.162523746    
  0.731537819    
  -9.55367088E-03
   8.84144306E-02
 -0.229820013    
  0.571521997    
 -0.127126455    
  -1.08069253    
  -2.04918385E-02
 -0.688329697    
  0.264460564    
 -0.320719957    
  0.169307709    
 -0.124955416    
   3.56702805E-02
   1.14250183    
  0.464159966    
  -1.05791831    
   4.37989235E-02
  0.124821186    
 -0.344998121    
  -3.12514305E-02
  0.525631905    
 -0.486349583    
 -0.165901423    
   4.90703583E-02
  0.364618540    
  0.639643669    
 -0.580014229    
  0.517340422    
 -0.177464247    
   9.44387913E-02
  0.217710018    
   1.12825108    
 -0.676300049    
 -0.557238340    
  0.116757631    
  0.623519897    
  0.593767166    
 -0.191143990    
 -0.847290277    
 -0.723968506    
   6.55055046E-02
 -0.453715563    
 -0.915709019    
 -0.254033566    
   3.93319130E-02
  -1.21262169    
   6.71250820E-02
   1.06626654    
 -0.122577429    
  0.182122231    
 -0.876059532    
  0.282658577    
  0.626101971    
   2.46214867E-02
  -5.94642162E-02
  0.381235600    
 -0.952284098    
 -0.261393547    
  -1.17770064    
  0.945068598    
   1.73749018    
  0.396330833    
  -1.05345058    
  -1.10251665    
 -0.982808352    
  0.955266953    
  0.368062496    
  0.593496799    
  -1.42611337    
   1.69095325    
  0.462296009    
  -1.26231146    
  0.238857746    
 -0.677699089    
   1.26196909    
 -0.490307331    
 -0.155321121    
  0.946290731    
 -0.734163761    
 -0.451664925    
  0.348804951    
  0.580440044    
 -0.116200447    
  -1.16705894E-03
 -0.713508368    
  -7.29680061E-02
 -0.208531380    
 -0.421897888    
   6.61034584E-02
  -2.93006897E-02
  0.360884666    
 -0.486059666    
 -0.634585857    
 -0.227490902    
  0.417537212    
 -0.635649920    
  -1.22298932    
 -0.519968987    
  -3.22926044E-02
  0.815796375    
  0.884940147    
  -9.70058441E-02
  -1.04068220    
 -0.375070810    
  0.366069317    
  -4.37679291E-02
 -0.100868225    
 -0.957829475    
  -5.52515984E-02
 -0.368512154    
  0.539824486    
  0.456914663    
  0.675340176    
   2.36191750E-02
  0.299340963    
  0.377572060    
  0.779982567    
   1.14326429    
   1.09878731    
 -0.517917395    
   1.03125572    
  0.611529350    
 -0.592680216    
 -0.444374084    
   4.26032543E-02
  0.938310623    
 -0.875090837    
  0.164239407    
   6.45430088E-02
 -0.406369925    
 -0.510934114    
  0.378558874    
 -0.348758459    
  -1.19419301    
  -1.39379358    
  0.133297682    
  -3.67259979E-02
  0.287711620    
 -0.683333397    
 -0.351821423    
 -0.138678551    
 -0.176288605    
  0.116718292    
   1.04211569    
  0.946440220    
   1.52425623    
  0.390188694    
  0.507437706    
  0.256271839    
 -0.486261368    
  0.718924999    
 -0.659856558    
   1.17415619    
 -0.661087751    
 -0.370071411    
  -3.47323418E-02
 -0.147949219    
 -0.612126589    
  0.557423592    
 -0.310676336    
   1.16099358    
  0.660664797    
  0.800611973    
   1.14630508    
  0.416258335    
  0.274369717    
 -0.796418190    
  0.771626472    
 -0.382199049    
   1.56554079    
  0.307226419    
  0.226690531    
  0.556634426    
 -0.540754557    
  0.178876400    
 -0.464589834    
 -0.132850885    
 -0.331683874    
 -0.441586733    
  0.390128851    
 -0.723143101    
 -0.520287752    
 -0.254130602    
  0.143683195    
  -1.04163766    
  0.304224968    
 -0.805438757    
 -0.520710230    
 -0.387050390    
 -0.557464123    
  0.243618011    
 -0.491019726    
  -1.10202944    
 -0.240833521    
  -1.82676315E-03
   1.00464916    
  0.514514923    
  0.176547766    
  -1.02558231    
  -5.57589531E-02
 -0.760613203    
  -9.84730721E-02
  0.908238888    
 -0.257503033    
  0.800691605    
 -0.995018244    
  0.784158230    
   7.03468323E-02
 -0.464922428    
  0.784376860    
  0.460423946    
  0.741606951    
  -1.28100371    
 -0.237579584    
  0.912097931    
  0.466356277    
  0.552807570    
  0.679001570    
 -0.594151497    
 -0.139654875    
   5.41672707E-02
 -0.482302189    
  0.475024223    
  0.560322762    
 -0.493233204    
  0.558832884    
  0.637542725    
 -0.132347107    
 -0.460369110    
 -0.115276337    
   1.03286266    
  0.448122263    
   1.04001284    
  0.658138037    
   1.01939297    
  0.481000662    
 -0.667175293    
   1.47913885    
 -0.870716333    
 -0.358286858    
 -0.406777143    
  0.584131241    
 -0.540878057    
 -0.732050419    
 -0.626638889    
  -7.49769211E-02
   1.04713821    
  0.587986708    
 -0.445198298    
   2.27361202    
  0.462655067    
  -1.09894347    
  -6.88943863E-02
  0.578975677    
 -0.267244577    
  0.373167515    
  0.378046989    
  -6.62593842E-02
  0.368921280    
  -7.77196884E-02
 -0.952329159    
  0.222532272    
  -4.10254002E-02
   1.05963230    
 -0.702759266    
  0.351528883    
 -0.154369593    
 -0.497054100    
  0.109969616    
 -0.780639410    
 -0.774736881    
 -0.805498123    
  -1.24535561E-02
  -9.28854942E-02
  -1.07073474    
  0.438744068    
   1.26662350    
   1.17423773    
   1.00125217    
  -1.61338305    
  0.472713947    
  -8.28425884E-02
  -1.40145612    
 -0.140902519    
  0.878362656    
 -0.711160183    
 -0.302774191    
  0.322617292    
  -1.07690001    
 -0.100139618    
 -0.766026258    
  0.421239376    
   1.21063185    
  0.294270277    
 -0.184027672    
  0.587007999    
  0.907651424    
  0.407762527    
  0.649192810    
 -0.983888149    
   1.07407475    
  -1.21389222    
  0.822086811    
 -0.903650284    
  0.618240595    
   1.39367819    
  0.219066620    
  -8.29415321E-02
 -0.581505299    
 -0.648181438    
 -0.458040476    
  0.214824915    
 -0.668347836    
 -0.634096146    
  0.201934814    
   4.53553200E-02
  -6.06937408E-02
  0.410977125    
 -0.705772877    
 -0.578614950    
 -0.549438477    
  0.107717752    
   7.33599663E-02
  0.277351618    
 -0.238883734    
  0.696022272    
   5.28614521E-02
 -0.306240320    
  0.957765102    
 -0.185211897    
 -0.188899517    
  0.736235619    
  0.391835928    
   1.01472521    
 -0.346894741    
  0.666988850    
  0.407312393    
  0.770712376    
  0.453778744    
 -0.380878448    
  0.894752026    
  0.400848866    
  0.163660049    
  -3.85258198E-02
  0.504455566    
   2.03050184    
  0.608719826    
 -0.254944563    
   1.12075853    
  0.627537727    
 -0.501369238    
  0.115995407    
  0.331002235    
   5.35492897E-02
  -1.34043777    
  0.668107748    
 -0.589761496    
  0.156381607    
 -0.350402594    
 -0.355837822    
  0.936728239    
 -0.615250826    
  -4.25934792E-02
 -0.194919348    
   2.43332386E-02
  0.186249971    
 -0.354305744    
  0.327697992    
  0.415830851    
 -0.264358521    
 -0.407975912    
   1.16576099    
   1.36257172    
  -1.02428913    
  0.751698971    
  0.150459290    
  0.962190390    
   8.03980827E-02
 -0.376689434    
 -0.179985523    
   1.49808025    
   1.29768801    
  0.156655312    
 -0.892981052    
  0.791895866    
  -1.65659440    
 -0.262726545    
  0.210992813    
 -0.435818911    
  0.123767376    
   1.00335455    
  0.531021357    
  0.170402050    
 -0.771643639    
  -1.73685968    
 -0.315003872    
  -9.08346176E-02
   1.52229261    
  0.251937866    
  -8.49032402E-03
  -1.23875606    
   1.16378069    
 -0.409072876    
  0.107010841    
  0.142276287    
 -0.592155695    
 -0.377899170    
 -0.111843586    
  0.951430559    
  -3.16808224E-02
   7.39655495E-02
   6.17003441E-02
   1.20468616    
  0.864279270    
  0.158773184    
 -0.551038742    
  0.236087084    
 -0.537234068    
 -0.257584572    
 -0.277635574    
  0.592996359    
   1.18588114    
  -8.01954269E-02
 -0.725622892    
 -0.621119261    
  -7.22639561E-02
  -1.27305233    
 -0.264388323    
 -0.328215599    
 -0.715868473    
  0.385156155    
 -0.340552807    
  0.784296036    
   1.64957285    
 -0.702727556    
  0.641816616    
 -0.710282087    
  0.249298096    
  -8.54406357E-02
 -0.209449053    
 -0.539249182    
 -0.955035210    
  -9.80379581E-02
 -0.413142681    
   1.09905195    
  0.640941381    
 -0.192437649    
  -1.18706203    
 -0.130037069    
 -0.146906853    
 -0.347939968    
  -1.36882472    
  -1.36400819    
  0.540509701    
   1.19946194    
   1.19875526    
 -0.782052279    
 -0.584059477    
  0.838178158    
 -0.479510307    
  0.399650097    
  -1.02739239    
  0.308212042    
 -0.160089493    
 -0.730019093    
  0.708191395    
   1.93505287E-02
  -1.76172256E-02
 -0.140736580    
  0.397995472    
  0.170182467    
  0.430055380    
  -1.38992369    
   5.23545742E-02
   1.45028305    
  0.619237661    
 -0.320847273    
 -0.394008160    
  0.752481222    
 -0.307733536    
  0.138225079    
   1.05552197    
  0.324750662    
  0.785526991    
  0.977505207    
 -0.870352030    
 -0.574536562    
  0.370227337    
 -0.466783047    
  -1.06739521    
 -0.373926878    
  0.267923355    
  0.129722595    
  0.435679674    
 -0.668499947    
  0.958257914    
 -0.524176836    
 -0.803455353    
   7.65028000E-02
  0.982979059    
  0.753810883    
 -0.996703148    
  0.174575806    
  0.548593760    
 -0.464808464    
  -9.49676037E-02
  0.579283714    
  -3.05318832E-02
  0.988249540    
  -1.14794755    
  0.396407127    
  0.464245796    
  0.497350931    
 -0.178776503    
 -0.104338646    
  -5.04202843E-02
  0.371482849    
 -0.141712427    
 -0.835311413    
   1.44367218E-02
  0.966843367    
  0.372445345    
 -0.137681246    
 -0.477890730    
  -1.14757204    
 -0.255467415    
   1.36696339    
  -3.36449146E-02
   2.21977234E-02
 -0.503798008    
  0.643142223    
 -0.360057116    
 -0.371698380    
 -0.674804688    
  0.510123491    
 -0.591493130    
 -0.171204567    
  0.409073591    
  0.379768372    
 -0.677249432    
  0.271779060    
 -0.257931232    
  0.227577209    
 -0.415203810    
 -0.440795660    
  0.385749102    
   5.80117702E-02
  0.457457304    
   1.60019398E-02
  0.238652468    
  0.247569561    
 -0.972074747    
  -1.46851170    
  0.559736967    
  0.587915897    
 -0.156600237    
  0.438077688    
   1.41937733    
  0.972511292    
 -0.755303860    
  0.345359325    
 -0.370561361    
 -0.751991510    
  -1.24897742    
   1.50126934    
 -0.591795921    
  0.859655380    
 -0.535643578    
 -0.334783554    
 -0.448771000    
 -0.920593500    
  -2.18307972E-02
 -0.546412706    
 -0.142356157    
  0.432569742    
   5.37612438E-02
  0.149720192    
 -0.794949532    
 -0.209682226    
  0.377394438    
   1.50463247    
   5.58843613E-02
 -0.865444899    
  0.939494610    
  0.690840006    
 -0.145366669    
  -1.33698785    
 -0.185609579    
  0.734374523    
  0.980834484    
  0.330658436    
  0.524821281    
 -0.810919762    
 -0.533834457    
  0.713905096    
  0.751460791    
  -1.00635076    
  0.560782671    
 -0.958566189    
   5.02347946E-02
  0.483310223    
  0.545833588    
  0.312681198    
   8.82053375E-02
 -0.271175861    
  0.557013035    
 -0.976005554    
 -0.491972208    
  0.950667381    
  0.930179834    
 -0.423999310    
  0.249394894    
 -0.716428280    
  0.151362419    
   5.30946255E-02
 -0.277492285    
  0.387060165    
 -0.666204929    
  0.820645809    
 -0.471299171    
   9.84289646E-02
 -0.541364670    
 -0.449395180    
  0.230521202    
   1.15625763    
   2.35347748E-02
 -0.708076477    
  -1.06769669    
 -0.652265310    
 -0.333212852    
 -0.301235199    
 -0.684342623    
  0.522050619    
  -5.47568798E-02
 -0.510079384    
 -0.942578793    
 -0.141242027    
 -0.235601425    
  0.797059298    
   1.17388582    
 -0.860026121    
  -6.18400574E-02
 -0.393577337    
  0.131351709    
 -0.196890354    
   1.42653084    
 -0.986894131    
  -3.70817184E-02
  0.441534042    
  0.995232344    
 -0.295686007    
 -0.662523508    
 -0.308757067    
  -1.13649416    
  0.502166271    
   9.76409912E-02
 -0.776899576    
  -1.31088483    
   1.35468483    
 -0.389194965    
   1.58405304E-03
 -0.122927189    
  0.583292007    
  0.337082386    
  -1.13382542    
 -0.373909235    
 -0.739962578    
 -0.733328342    
  0.339520693    
  -8.31015110E-02
  0.308260441    
  0.948423147    
   1.76787376E-03
 -0.984452486    
 -0.832906485    
   1.04974222    
 -0.587486982    
  -1.09282732    
  -1.18910098    
 -0.366940022    
  0.821017265    
  0.563275576    
  0.643041134    
 -0.716295481    
   1.58975124    
 -0.329127789    
  0.475529909    
  0.522747993    
   1.53259087    
   1.38933611    
  0.367506027    
  -1.31059623    
   1.07943773    
 -0.259409904    
  -1.47045720    
 -0.258762836    
  0.398656130    
 -0.776442528    
 -0.810532093    
 -0.502195597    
  0.383419514    
  0.920917511    
 -0.363703966    
  -3.24048996E-02
 -0.620912552    
  0.386253834    
  -1.10085142    
 -0.517787695    
   1.02389383    
 -0.510712147    
  0.829681635    
  0.162335873    
  -1.46750975    
   1.39852333    
  -1.50775647    
 -0.180898190    
 -0.775458574    
 -0.307678461    
  -2.55622864E-02
  -8.33179951E-02
 -0.201958656    
   1.28276968    
   1.25510025    
 -0.874190807    
  0.375008106    
  -7.30843544E-02
 -0.136304617    
  0.542093277    
 -0.878036499    
  -1.13922501    
 -0.328537703    
 -0.694358587    
 -0.833328724    
   2.83935070E-02
  0.159442902    
  0.246165037    
   1.19099188    
  -1.29624987    
 -0.104491711    
  0.896633625    
   3.17659378E-02
 -0.410336256    
 -0.139909267    
 -0.954495192    
   1.53434992    
  0.834329128    
 -0.317171097    
  0.526124001    
  0.110167503    
 -0.976496458    
 -0.916703224    
  0.348657131    
  -1.48455286    
  0.750285625    
   7.28096962E-02
 -0.659791946    
  0.478019238    
  0.543676853    
 -0.375496864    
   1.06234407    
 -0.804886580    
  0.575551748    
  -5.02333641E-02
  -1.89845848    
 -0.365377188    
 -0.629119873    
 -0.813224077    
  -2.83894539E-02
 -0.780240059    
  0.931926250    
 -0.363651037    
  -1.04685855    
  0.347096920    
 -0.866599083    
   1.54042292    
  0.116024256    
 -0.746188164    
  -1.08434069    
 -0.822381496    
  0.236700296    
  0.482092619    
 -0.365722656    
  -1.06291533    
  0.251153946    
 -0.628241062    
  0.209485054    
 -0.155766487    
 -0.365220785    
  -1.59131098    
  -1.25946093    
  0.823377371    
  0.301518440    
 -0.191394567    
 -0.511065483    
   1.29631233    
 -0.344702721    
  -1.07586944    
  0.292275429    
  0.791862011    
  -1.17211950    
  -8.52704048E-03
 -0.395427704    
  0.432739496    
 -0.679651737    
  0.551941872    
 -0.742506027    
  0.226067781    
 -0.509410858    
  -1.00546408    
  -1.02237439    
   1.19709110    
 -0.271146297    
   5.00979424E-02
 -0.262877464    
  0.194544077    
  -2.08253860E-02
 -0.742284298    
  0.201283216    
  -1.04513192    
  0.172201157    
 -0.113602161    
 -0.349040031    
   1.17149448    
  -1.46794319E-02
  -1.11706448    
 -0.918928623    
 -0.802710772    
  0.100176334    
   6.57601357E-02
  0.700582504    
   5.22360802E-02
  0.590696812    
  0.120629549    
 -0.567669392    
   1.24477768    
 -0.409665346    
  -2.58076191E-02
  0.561817169    
  0.763650894    
 -0.647014380    
  -6.99701309E-02
   2.13909149E-03
   2.88639069E-02
  -1.01073408    
  0.592986345    
 -0.232191563    
 -0.148306370    
   1.21716690    
  0.376152039    
  0.861489296    
  -5.83028793E-03
   1.37685966    
 -0.216409206    
 -0.330665112    
 -0.806524992    
   1.20230913    
 -0.955775499    
  0.386969805    
   8.69693756E-02
 -0.354080200    
  0.705471516    
  -1.22177804    
 -0.179986477    
   1.06851292    
 -0.635123730    
  -7.68835545E-02
 -0.338371754    
 -0.957551003    
  -3.57198715E-03
  0.758536816    
 -0.240850687    
  0.690906286    
  0.499631405    
 -0.311074257    
 -0.147768259    
 -0.820844412    
 -0.340018034    
   1.25744200    
 -0.771466970    
  0.420446157    
  0.545463085    
  0.800890207    
 -0.136169434    
  0.834401608    
  0.686614990    
   1.10873175    
 -0.811975956    
 -0.674501896    
 -0.212680817    
 -0.585343122    
  -1.10865736    
  -2.25923061E-02
 -0.375890732    
 -0.281111240    
  0.283476353    
   1.67312765    
 -0.757203341    
 -0.175668240    
 -0.300277710    
  0.627223253    
  -1.62028241    
 -0.968521833    
   1.25250721    
  0.121658087    
  0.415726185    
  0.356867075    
 -0.370991707    
 -0.156491518    
  0.625104189    
  0.918034315    
 -0.306079626    
  -1.23344350    
 -0.687617302    
  0.466098309    
 -0.516038418    
  0.406900644    
  0.612341881    
   5.82745075E-02
 -0.795688152    
   7.67769814E-02
  0.336295605    
   1.03349352    
  0.823004723    
  0.571214199    
  -1.54277909    
  0.990505219    
  0.346225023    
  0.843006372    
  0.255613804    
 -0.393519163    
 -0.423547268    
   1.15577316    
  0.566227674    
 -0.588199854    
  0.415190220    
 -0.135135412    
 -0.514602661    
   9.89539623E-02
   1.47857666E-02
  -1.47824109    
  0.106369495    
 -0.322056770    
  -3.61239910E-02
 -0.620185137    
  -1.66869044    
 -0.349943876    
  0.641000748    
  0.218359709    
  0.514933586    
  -4.70399857E-03
  0.974313498    
 -0.790386438    
 -0.141338348    
 -0.517383575    
  0.460505962    
  0.581356049    
  -1.04252100    
 -0.839960814    
  0.782502413    
  0.336689711    
 -0.246721983    
 -0.138889551    
  -6.49189949E-03
  -1.21774554    
 -0.160650015    
  0.316830397    
  0.439549446    
  0.405138254    
  0.425004482    
 -0.107288599    
  -1.37966442    
  -8.84394646E-02
  -1.56523275    
  0.907313585    
  0.238430977    
 -0.216772556    
  -5.33800125E-02
  -1.30795383    
   4.57420349E-02
  0.286054611    
  0.154175758    
  0.440835714    
 -0.165012360    
  0.234761715    
 -0.270700932    
 -0.302417994    
  0.824855804    
  0.646283627    
 -0.520289183    
  0.746648788    
  0.841849327    
  0.360279322    
  0.805992126    
  0.675960779    
 -0.941913128    
 -0.486861944    
  0.640457392    
 -0.169036388    
 -0.466185808    
  -1.38589859    
  -6.75177574E-02
 -0.806836367    
  -1.39253497    
  0.701156139    
   1.02335024    
  0.390803576    
  0.336737156    
 -0.361095190    
  -1.46231461    
 -0.368637562    
  0.952627659    
  0.597081900    
  0.360185146    
 -0.592115164    
  0.762536526    
 -0.676694393    
 -0.154141665    
  0.965850592    
  0.297159433    
  0.361869574    
  0.644156218    
  0.446187019    
   1.10228491    
 -0.365412474    
   1.05489826    
  0.207883358    
  0.184777498    
 -0.893224001    
 -0.209195375    
  -1.15262997    
   3.74045372E-02
  0.665214539    
 -0.277716875    
  -5.80205917E-02
  -1.29554844    
  0.156827688    
  -1.97148073    
  -1.42608011    
 -0.207775593    
  0.907509565    
 -0.850163937    
 -0.178727865    
   2.28824615E-02
  0.932663679    
  0.509552956    
 -0.284450054    
 -0.706408739    
 -0.508691311    
  0.612754107    
  0.332443476    
 -0.125725269    
 -0.759459972    
  0.536700726    
  0.154530048    
 -0.277088642    
  0.461360455    
   1.10900259    
  0.190604687    
  -1.23449004    
  -4.84147072E-02
 -0.515634537    
  -8.08336735E-02
 -0.113486052    
 -0.338447094    
  0.870404720    
 -0.188106537    
 -0.695857286    
 -0.536236286    
  0.273318529    
   1.06020641    
 -0.261818409    
 -0.625200272    
 -0.507573843    
 -0.444144964    
  0.872639179    
  -4.20989990E-02
 -0.554800510    
 -0.720473289    
  0.318192720    
 -0.247636318    
   1.24514961    
  -1.30214214    
 -0.832726479    
   4.22701836E-02
 -0.591724634    
   1.09387636    
 -0.115863323    
 -0.605038643    
  0.322784662    
 -0.918322802    
 -0.297598600    
  0.906927824    
  0.874409914    
 -0.624766827    
 -0.368553638    
 -0.484081030    
  -1.00067091    
  0.191479206    
  0.116105556    
 -0.638254642    
  0.715808868    
 -0.209512711    
  -8.26954842E-02
  -4.76200581E-02
  -1.60289574    
 -0.570864916    
 -0.625895023    
  -1.30355358E-02
   1.48863268    
 -0.116597652    
   4.65507507E-02
  0.630100250    
   1.17387629    
 -0.401143312    
 -0.888488293    
   1.19537449    
   1.53886223    
 -0.245907068    
 -0.491953135    
  0.235778093    
 -0.546432734    
   1.64898109    
 -0.695061922    
   2.37500668E-02
  -6.70952797E-02
 -0.322722912    
  0.222586870    
 -0.539305449    
   1.06412697    
  0.243029356    
 -0.872074604    
  0.786999226    
 -0.186449051    
 -0.555027008    
 -0.992544174    
  0.848315477    
  0.987714291    
  0.156299114    
 -0.802861691    
  0.558047771    
  -1.27409863    
  0.273643970    
  0.937633276    
 -0.624561787    
   3.24835777E-02
  0.165777445    
 -0.381113529    
 -0.535804749    
 -0.366387129    
 -0.585083485    
 -0.442664862    
  -3.90677452E-02
 -0.802794456    
 -0.499675035    
  0.164254189    
  0.618103743    
  0.551681519    
 -0.944085360    
  -1.37916327    
  -1.61993098    
 -0.141532898    
   1.44186640    
 -0.851288795    
  -1.04917002    
 -0.575482845    
  0.667430639    
   1.31855965    
  0.150807858    
  0.882163286    
  0.258257389    
 -0.651424646    
 -0.223949194    
  0.784770489    
  0.459198475    
  0.629728317    
  0.478004217    
  -1.11418605    
   2.81505585E-02
  -6.41555786E-02
  0.851694822    
  0.632530451    
 -0.719450235    
  0.283090591    
  -1.40960503    
 -0.316504478    
  0.469992161    
 -0.425664663    
  0.454805851    
  -9.81709957E-02
 -0.514158249    
 -0.160140038    
  0.122874737    
  -1.52502692    
 -0.299445152    
 -0.652885199    
  -1.35992789    
  -9.56249237E-03
  0.211732864    
  0.434624434    
 -0.530375004    
  0.246209860    
  -2.99935341E-02
 -0.251045227    
   1.01432896    
  0.174921036    
  0.723965406    
   5.46982288E-02
  0.683694601    
  0.288480759    
  0.144044638    
  0.837811947    
  0.974439383    
 -0.152207851    
 -0.566758156    
  0.331236124    
 -0.951040030    
  0.524069309    
  0.699018478    
 -0.374469519    
  0.476241112    
  -1.09556127    
  -1.10453439    
   1.34208298    
   1.10567808    
 -0.419820547    
 -0.466587782    
  0.506751537    
 -0.581064224    
  -2.58076191E-02
  -4.07242775E-02
 -0.250203371    
 -0.625468493    
  0.278023720    
   1.05719662    
 -0.212605476    
  0.264986038    
  -1.12088776    
  0.648538589    
 -0.378604174    
  0.438080311    
 -0.390995026    
  0.492742538    
  0.163219929    
 -0.797089100    
  0.344860077    
 -0.123284340    
  0.922703743    
 -0.871808290    
   1.27644539E-02
  0.307696819    
  0.722328663    
  0.442127466    
 -0.475649357    
  0.339521170    
 -0.280288458    
 -0.735208511    
   9.42671299E-02
 -0.466792345    
  0.285840750    
  0.102693319    
  0.112090111    
   1.32372952    
  -1.04725933    
   1.39026880    
 -0.963176727    
 -0.214210510    
  0.178159952    
   1.48007679    
 -0.586969137    
  0.727465153    
  0.957565784    
 -0.660137415    
   1.20177031    
 -0.419640541    
 -0.241761446    
 -0.317082405    
 -0.378405333    
   1.21044874    
 -0.591669559    
 -0.641985416    
  0.150889874    
  -1.07353663    
 -0.139970779    
   1.08253765    
   1.31609631    
  0.181871414    
  0.836511374    
  0.842938900    
  0.195977211    
 -0.147526503    
   1.19568014    
 -0.337451935    
  0.219752312    
   1.61743164E-03
 -0.500591278    
   4.21257019E-02
   1.21637011    
  0.644550800    
 -0.557401419    
 -0.438417673    
 -0.168450832    
 -0.743582249    
 -0.178597689    
 -0.469449520    
  -4.70719337E-02
 -0.506258249    
 -0.129152298    
 -0.112097025    
  -1.06189299    
  0.295361042    
  0.349380016    
   1.86030483    
  0.280368567    
  0.106009245    
  0.742149353    
 -0.733352184    
  0.403181553    
  0.311813116    
 -0.457173347    
 -0.708775997    
  0.232757568    
  0.955608368    
 -0.943950653    
   1.13788223    
 -0.801351786    
  0.628448486    
 -0.386897087    
  0.124677658    
  -2.46217251E-02
  0.685502052    
 -0.107422829    
  0.218162537    
  -8.94577503E-02
   9.10458565E-02
  0.517483473    
  -1.67759776    
  0.368897438    
  0.413336992    
  0.455562115    
 -0.269638062    
 -0.536213636    
  0.363343716    
 -0.217354298    
 -0.419336319    
  -1.00911212    
  0.452353001    
  -1.26714635    
  0.464569569    
  -1.19423819    
  -6.68807030E-02
  -1.13612032    
  0.239112377    
  0.392530680    
  -8.83603096E-02
 -0.260962486    
   1.04002714    
   4.48474884E-02
   1.13098478    
 -0.167806387    
 -0.374775648    
  0.314985275    
 -0.453161240    
   5.09457588E-02
  -6.87751770E-02
   1.08525229    
  0.763189554    
  0.605670929    
  0.226782799    
   1.05523825    
 -0.590876341    
  0.320151329    
 -0.191715479    
 -0.571266413    
 -0.510928154    
  0.134800911    
  0.177841425    
  -4.56008911E-02
  -1.84323406    
   1.33583832    
   2.84278393E-02
   1.18117952    
  0.805596113    
  0.291853905    
  0.769859791    
  0.385768652    
 -0.644703388    
 -0.521252155    
  0.132472038    
  0.134228468    
  -1.15771067    
 -0.155032158    
 -0.915051937    
  0.635632753    
  -6.74138069E-02
   1.79577255    
  0.378175020    
 -0.358517408    
   1.00278854E-02
 -0.807952404    
  0.259659052    
 -0.654519081    
  0.957417965    
  -1.22500587    
  0.103839159    
 -0.403024435    
  0.121687651    
  0.718675137    
 -0.685940504    
  0.783994675    
  0.253715992    
  0.221659660    
  0.487074375    
  0.130504131    
 -0.939994335    
 -0.904214382    
  0.318807602    
 -0.862281084    
  0.672111511    
 -0.141626835    
 -0.409570932    
 -0.855359077    
  0.549489975    
   1.06006241    
   1.18142796    
  -1.32782400    
  0.305834293    
 -0.702628851    
 -0.657144547    
   1.15988159    
 -0.900927067    
  0.158396006    
  -6.09970093E-02
  0.781559944    
  0.259000778    
   8.08596611E-03
   9.67500210E-02
   3.37028503E-02
  0.401953697    
  -1.11553109    
  0.850664616    
   3.71100903E-02
  -6.19335175E-02
  0.491999865    
 -0.431442022    
  0.606946468    
  -2.33614445E-02
 -0.299109936    
 -0.778947830    
 -0.189300776    
 -0.353667498    
  0.291442871    
 -0.515861034    
  0.403366566    
   1.18080235    
  -4.04748917E-02
  -6.77747726E-02
  0.955058575    
 -0.529366016    
  0.641380072    
  -1.06592309    
   1.94809437E-02
 -0.904909134    
 -0.124253988    
  0.411976337    
  0.502836227    
  0.691154242    
  0.642642975    
 -0.626913786    
  0.215530396    
  0.684190512    
 -0.223359823    
 -0.574872017    
  -6.15754128E-02
 -0.261144161    
  0.102310181    
  0.518724442    
 -0.960012913    
  -1.52397156E-02
   1.28226709    
  0.816464424    
 -0.729158878    
 -0.287429094    
  0.749507904    
   3.31304073E-02
 -0.109773397    
 -0.648557901    
  0.199318171    
  0.436993599    
  0.826244354    
 -0.180138588    
  0.952895641    
   1.01987743    
 -0.810531139    
 -0.288777113    
 -0.777222157    
 -0.889004707    
  0.239599705    
 -0.421220779    
 -0.195750237    
  0.269734859    
  -9.83953476E-02
  0.490311146    
  0.145929337    
  0.478126049    
 -0.103636265    
  0.374508381    
 -0.653558493    
 -0.111931562    
 -0.311803102    
  -1.45553637    
  0.192551613    
 -0.925783396    
 -0.390477896    
 -0.329524040    
  -6.34312630E-02
 -0.378869057    
 -0.310556889    
  0.455250263    
 -0.371107101    
  0.105445147    
   1.06053114    
  -1.64815235    
 -0.752404213    
  0.250973225    
   1.17693424    
 -0.900605679    
  -1.04348552    
  0.651608944    
  0.127760410    
 -0.182856321    
   8.00960064E-02
 -0.315263510    
  0.741803646    
 -0.959548950    
 -0.301477671    
  0.378618956    
   1.03677750    
  -1.18478894    
 -0.634107828    
   4.02607918E-02
   9.74190235E-02
 -0.399684191    
   3.89313698E-03
  0.166754961    
   1.22592402    
   1.02644348    
  0.393538237    
  0.160400391    
 -0.710146427    
   3.17473412E-02
  0.745009422    
   1.03629255    
  0.813356400    
  -4.23059464E-02
   1.09122515    
 -0.225008011    
  0.272031784    
  0.981702328    
  -1.25239539    
  0.394409657    
 -0.415551424    
 -0.199768066    
  0.336539507    
  0.365002155    
 -0.387865782    
  -1.81651986    
  0.411392689    
  0.310136318    
 -0.241445541    
  0.299975395    
  0.958973885    
 -0.127971649    
 -0.627990723    
 -0.768392801    
 -0.893475771    
 -0.980672598    
 -0.406879902    
 -0.959404945    
 -0.426023483    
   1.20234299    
  -1.00841606    
   6.04839325E-02
 -0.101424694    
  0.554444790    
   1.40476704    
 -0.237016201    
  -1.07712746E-02
 -0.408624172    
  0.593426228    
 -0.936427593    
  0.281601906    
  0.662327290    
 -0.100729227    
  0.918649673    
  0.529909134    
   1.11861229    
 -0.855996609    
  0.234170914    
 -0.299127102    
   1.10299826    
  0.410229921    
  0.288090944    
 -0.932677507    
 -0.231743813    
 -0.299147129    
 -0.416003227    
  0.259999990    
  0.132148981    
  0.396729946    
  -1.27744806    
  0.315978050    
  0.167542458    
 -0.116546154    
   2.80752182E-02
  0.941801548    
  0.792011738    
  -1.51215672    
   1.43666697    
  0.170070410    
  0.425060987    
  0.781844616    
 -0.812267780    
  0.194031239    
   1.26331091    
  0.309346676    
  -1.58844876    
  0.475841522    
  -1.07515669    
  -1.20758986    
  0.393385410    
 -0.444581985    
   7.11212158E-02
  0.175266266    
 -0.665342569    
  0.865345001    
 -0.472172260    
   1.96325779E-02
 -0.228443623    
   7.16757774E-02
  0.520661592    
 -0.725098848    
 -0.421607018    
 -0.545511484    
   1.86648130    
   1.24789524    
  -1.06624722    
 -0.327613831    
 -0.422483921    
 -0.414707661    
  0.227128744    
  0.307936192    
 -0.565914631    
  0.713533401    
 -0.765311003    
  0.193420172    
   6.63056374E-02
 -0.128925323    
  -1.04824376    
  -1.70956254    
 -0.422379732    
 -0.884750843    
   6.06260300E-02
  0.434623957    
  0.222946167    
   1.48577881    
 -0.474854469    
  -6.01909161E-02
  -1.21652079    
   1.41243935E-02
   1.08814240    
  0.216243744    
  0.530696869    
  0.152523756    
  -1.50954723E-02
  0.360493422    
 -0.129626751    
   9.51759815E-02
  0.523960352    
  0.180271626    
 -0.763009071    
 -0.729072809    
  0.325862408    
  -1.63487411    
  0.586723328    
   3.44750881E-02
  0.269838095    
  0.186873913    
 -0.446554661    
 -0.254312992    
   1.57970953    
 -0.268045187    
 -0.557835102    
  0.617977142    
  0.579734087    
  0.206294537    
  -1.11110115    
  -1.06691086    
  0.630225182    
   1.10254097    
   5.75299263E-02
 -0.225912094    
  -4.82916832E-03
 -0.615407944    
 -0.179189205    
 -0.659918070    
 -0.186029434    
  0.457671404    
 -0.294897556    
  0.192366838    
  0.991607666    
  0.259120941    
 -0.859572411    
 -0.709020853    
  0.527444363    
  0.519275904    
 -0.726907492    
  0.147903919    
   1.17780066    
 -0.477222443    
 -0.355989933    
  0.526589632    
 -0.165995598    
  0.384709120    
  -3.89342308E-02
  0.195096493    
  0.520423889    
  0.222557545    
  0.537153482    
  0.532358170    
  -1.07302785    
 -0.902362108    
  0.578353882    
 -0.915726423    
 -0.391349554    
  0.975251198    
 -0.384426832    
  -1.49626422    
  0.558215857    
  0.536520004    
   1.45841217    
  0.224320173    
 -0.873436689    
  -6.44683838E-04
 -0.659472466    
  -1.27711308    
 -0.880482674    
  0.197495461    
 -0.564006805    
  0.551354885    
  -9.00983810E-03
  0.360588312    
   1.05579948    
  0.384742737    
 -0.921295643    
 -0.924492359    
  -4.54030037E-02
 -0.403310299    
   1.21748543    
  0.571356297    
  0.332253695    
   1.25651789    
  -1.28662217    
  0.437887192    
  0.822448969    
 -0.888036728    
   1.32330465    
  0.462239027    
  0.913539886    
  0.891702652    
  -1.07975721    
  0.399503469    
  0.310824156    
 -0.272840500    
 -0.617900610    
 -0.534665585    
 -0.227882624    
  0.513132572    
 -0.578495026    
  0.637484312    
   1.62316418    
  0.389614582    
 -0.676731348    
  0.156779766    
 -0.827763319    
 -0.539577484    
 -0.301839828    
  -1.22633481    
   1.31178856    
   4.40223217E-02
  0.270596504    
   1.34325266    
  0.309900045    
 -0.243244886    
  0.701764107    
  0.738914728    
 -0.123395443    
   1.01629877    
  -1.20619965    
 -0.589663982    
 -0.105001926    
  0.160401344    
  -1.52657449    
  0.207536936    
  0.517563105    
  -1.05884647    
  -1.03819704    
   7.97634125E-02
 -0.914199591    
   1.27801323    
  -1.20216012    
  0.596598625    
  0.120512962    
   1.10160255    
  -1.27196157    
 -0.752147675    
  0.512357950    
 -0.988902569    
 -0.260445118    
 -0.952859879    
  0.906851053    
  0.745678902    
 -0.304793835    
  0.931818724    
  0.529212952    
  0.135802984    
  -1.04289639    
 -0.684626579    
  0.501924992    
   1.06774807    
 -0.665061235    
 -0.109106779    
  0.334452152    
  0.725356102    
  0.539088726    
  0.444452047    
  0.607379675    
  0.598308086    
  0.837060452    
  0.283870220    
  0.234985113    
 -0.697865248    
  0.397970676    
 -0.261407614    
 -0.395085335    
 -0.542990923    
  0.834394932    
 -0.960491657    
  0.140441418    
  -1.45265388    
   1.08338118    
  -7.16919899E-02
  0.317526579    
  0.449474812    
  0.729574919    
  -9.66696739E-02
   7.99894333E-03
 -0.810106754    
  0.191519976    
  0.114361763    
 -0.690417051    
 -0.102800131    
  0.385169506    
   1.21369982    
   1.48383474    
  0.952598572    
 -0.828821182    
  -1.79115915    
   1.42831707    
 -0.656977415    
 -0.673923731    
 -0.440152168    
  0.629687071    
 -0.868759632    
  0.898058176    
 -0.365603924    
  -6.41579628E-02
 -0.190857887    
  0.434457064    
  0.228116274    
   1.00209951    
  0.347730160    
 -0.853635788    
