  0.715811849    
 -0.602597833    
 -0.255318701    
   1.33007145    
 -0.996796966    
 -0.313389301    
  0.805702329    
   1.10982144E-02
   1.82036209    
   9.63968039E-02
  -1.76455200    
   1.10832119    
   1.17908370    
 -0.223775417    
  0.482298970    
 -0.702031672    
 -0.773408294    
 -0.468239099    
   7.77176442E-03
  -1.34686863    
  -1.09791756E-02
 -0.761490881    
  0.713488758    
  -3.74998362E-03
  -1.89316380    
   1.26962924    
 -0.580586612    
 -0.318924874    
   4.77504730E-02
   1.14357412    
 -0.153754175    
 -0.516542852    
   1.38489747    
 -0.473559052    
 -0.928549826    
 -0.345260054    
  0.713186324    
  0.481933922    
  0.374027401    
  0.683668256    
  -1.28424752    
   1.14428222    
  0.948917210    
 -0.572512627    
 -0.506624043    
 -0.292453259    
 -0.138670206    
 -0.660799444    
  0.345570445    
  -3.94752175E-02
   1.30127621    
  0.609898031    
  0.535137475    
  0.179167464    
  0.534804881    
  -1.44825947    
  0.388587952    
  0.316068947    
  0.610603571    
 -0.199136391    
   1.05099010    
  0.510853767    
 -0.843770325    
  0.970283985    
   4.10446934E-02
 -0.106020056    
   1.54401147    
   1.95592928    
   2.01369166    
  -1.62287819    
 -0.655450404    
  0.174475908    
 -0.328395098    
  -1.92693818    
  0.428166896    
  -1.40844500    
 -0.477818668    
  0.647819638    
  0.917980909    
 -0.310413331    
  0.554141819    
 -0.675092816    
  -1.66700816    
  0.881614506    
  0.238072097    
   1.55308580    
  0.602566183    
   1.33101118    
  -6.81487992E-02
 -0.111919895    
  0.133041650    
  0.847181559    
  0.243684560    
   1.63502634    
  -1.69716716    
  -1.34911096    
 -0.979104578    
  0.827006519    
  0.135542750    
  -1.02189124    
 -0.798463225    
  -1.59700000    
 -0.495854080    
 -0.132430613    
 -0.331394076    
  0.739523053    
  0.971739769    
   2.09024739    
  0.734261572    
  0.799959123    
 -0.948636234    
   1.59135461    
  -1.87589836    
  0.906670392    
  0.605155110    
   1.07076406    
  0.707252026    
  0.795091271    
  -1.67671704    
   1.78567982    
   1.32343388    
  0.402096063    
  -4.63168956E-02
  -1.03713608    
   1.12966979    
  0.754819036    
 -0.152429163    
   1.26807380    
   1.06815040    
  0.783488035    
  -6.53603226E-02
  -1.88170338    
  0.463830292    
  -5.99575862E-02
  0.902907908    
  0.310965091    
 -0.702207386    
 -0.822379589    
 -0.519490719    
 -0.408622026    
 -0.972836673    
  0.224415824    
  0.382080674    
 -0.791220188    
   1.00349152    
   1.65043902    
  0.627945483    
 -0.802362621    
   1.82990539    
 -0.517652810    
 -0.619923115    
 -0.173411697    
 -0.366206586    
   1.29328144    
 -0.299660206    
  0.190345898    
  0.153699264    
 -0.164312124    
  0.699574471    
  0.235388100    
  0.119974948    
  -1.26051199    
   1.27589202    
  -1.62856603    
  -3.96090746E-02
 -0.886001050    
  -1.11664629    
  -1.08769774    
  0.895131290    
 -0.172816768    
 -0.416555226    
  -1.95247817    
  -1.73165071    
   1.35990596    
  0.313070238    
  0.704177439    
  0.262919575    
   1.31440473    
  0.963401675    
  0.672286212    
 -0.839841008    
  0.134905919    
   1.73368251    
   1.74398553    
  0.994353592    
 -0.928346217    
  0.831482232    
  -1.15305483    
 -0.449005365    
  -1.44963050    
  -4.24800590E-02
 -0.548190892    
 -0.997550309    
   1.50854230    
 -0.381817549    
 -0.259980381    
   1.25472999    
  -1.87814319    
   1.33055568    
   1.25638962    
  0.105690017    
 -0.387374580    
 -0.276174545    
  0.965972245    
  0.588865936    
   1.92193556    
   1.42738581    
   1.13093555    
  0.244021237    
   6.98163658E-02
 -0.767028213    
   1.17134690    
  -1.42668331    
   1.31247890    
   1.69640672    
   1.87803161    
  0.659822404    
   1.08552778    
  -9.30570662E-02
 -0.702338696    
  0.780053794    
 -0.312887847    
  0.171542585    
  -1.11607373    
  -1.30949020    
  -1.29162204    
   1.57403946    
  -1.70605528    
 -0.920124888    
 -0.625672221    
   1.65988779    
   1.38746679    
  0.462619483    
  0.190117776    
 -0.161182880    
  0.198528931    
 -0.702665448    
 -0.252399683    
 -0.934834361    
   1.65921366    
   1.53118575    
  0.102051407    
   1.59364212    
   1.98579836    
  0.600643396    
 -0.380666494    
 -0.464666396    
 -0.741917133    
 -0.466935277    
   1.34597945    
   1.26301801    
   1.08168125    
   1.40779281    
  0.919288814    
 -0.905164540    
  -1.29559529    
   1.05298413E-02
 -0.264810145    
  0.356284708    
  0.496009916    
  0.203037590    
 -0.560502470    
 -0.677570701    
 -0.557073057    
  0.360350162    
  0.200884938    
  0.109528638    
  -1.07133782    
 -0.341120780    
  -1.18327308    
 -0.266448349    
   1.94930959    
 -0.775003314    
  0.399423569    
   1.31811406E-02
 -0.423941761    
  0.982739389    
  -1.73455024    
  -1.29023111    
  0.899583757    
  0.791026354    
 -0.190048292    
   1.35617769    
   2.08594370    
 -0.417431146    
 -0.463104844    
   1.19186664    
  0.429363161    
  0.817502022    
  -1.98038268    
 -0.429454863    
   3.01235057E-02
 -0.731198788    
  -1.58002591    
 -0.529095113    
 -0.936378062    
 -0.512029111    
  -1.25071204    
 -0.857720375    
  0.436777532    
   2.09996510    
  -1.99879181    
   1.62165713    
  0.541072547    
 -0.653938890    
 -0.511941195    
 -0.549211383    
 -0.307531595    
 -0.369601756    
 -0.253730327    
   1.43222749    
 -0.537756324    
 -0.327954203    
  0.194347233    
  -1.02730334    
 -0.521329939    
  0.285991430    
 -0.426552951    
   1.88049924    
   1.94227076    
  0.356354713    
  0.383402854    
  -1.66386390    
  -1.44822145    
  0.830795288    
   1.92234445    
  -1.13918984    
  -1.53058052    
   1.82756650    
  0.442142487    
  0.725217164    
   1.23597896    
   1.29232836    
   1.48656833    
 -0.991280317    
  -7.45590255E-02
  0.727669477    
 -0.752664864    
  -2.08939004    
 -0.153481618    
  -1.97465706    
  -1.91970336    
 -0.535371184    
 -0.444985867    
  -1.10214770    
   1.34325886    
 -0.711039543    
 -0.405863941    
  -1.25672805    
   2.28713229E-02
  -1.60870278    
 -0.881075263    
  0.879752040    
 -0.368137270    
   1.02103090    
 -0.644267619    
  -1.48560500    
  0.969388604    
   1.16886473    
 -0.111702248    
  0.617526770    
 -0.471799791    
 -0.931641281    
  -1.03264868    
  0.637162328    
  0.595825374    
 -0.131536037    
  0.351584196    
  0.565869987    
   1.24869215    
  -1.87855577    
   1.47876000    
  -1.28035426    
   1.13104355    
  -1.27829659    
  0.964109778    
  -8.79603624E-02
 -0.544435799    
   1.10026073    
   1.34447098    
  0.913845956    
 -0.192852348    
   1.02597332    
  -1.11815012    
  0.716370761    
 -0.809863865    
  -1.77753592    
   3.55635360E-02
 -0.717508495    
 -0.190974802    
 -0.962321639    
  0.560548723    
   5.33253774E-02
 -0.389404893    
  -1.02589047    
  0.852187097    
  0.578352451    
  -1.39852417    
   1.03611350    
  0.150777698    
  0.476425201    
 -0.888060212    
  0.171988860    
  0.803044915    
  0.615098715    
  0.912967443    
  0.318817586    
  0.523150563    
 -0.988405764    
 -0.389768124    
 -0.686675131    
 -0.380011529    
  0.953404188    
 -0.592436612    
  -1.82545066    
   1.65933681    
  -1.76548004    
  -1.73173320    
 -0.275423259    
  -1.43741190    
  -9.74306017E-02
  -3.84184271E-02
   3.86350490E-02
  -1.26438618    
   1.56205058    
  0.127390370    
  0.203049093    
  0.765238822    
  -1.62249708    
  -1.39401400    
   5.34423720E-03
 -0.666206300    
 -0.305067807    
  -1.77294803    
 -0.114155322    
   1.16944206    
  0.744597793    
   1.04878640    
   4.32604551E-02
  0.846344709    
  -1.28408527    
  -1.22961318    
  0.459710181    
  0.267273188    
  0.487894326    
  0.427523404    
 -0.713139594    
 -0.920331776    
  0.528431952    
 -0.738158464    
  -1.39701319    
  0.667627633    
  0.675533712    
  0.231131569    
  0.568956554    
   1.14082778    
  -1.38234913    
  0.796045661    
 -0.322387725    
 -0.856119692    
   1.70567060    
   1.69398248    
  -1.74463081    
  0.849691331    
  -1.59689701    
  -1.32929838    
  0.383406430    
   1.80361941E-02
  0.228003085    
   1.84829891    
  -1.03977954    
 -0.993679464    
  0.647840083    
 -0.579935730    
  -2.12014723    
   1.54581571    
  0.753808260    
 -0.440178573    
  -1.07090533    
 -0.882432461    
  -1.50863039    
  -1.31617677    
 -0.629329979    
  -1.44107854    
   4.49760444E-02
   1.62838209    
  0.441625446    
  -1.09041929    
 -0.900566995    
   1.62714696    
  0.502683759    
  0.257107854    
 -0.230614543    
 -0.707623184    
 -0.540053844    
 -0.817448616    
 -0.644992828    
   1.33092284    
 -0.377591908    
  0.490121067    
  0.353941739    
  0.379326671    
 -0.200439945    
  0.772381127    
  0.386055708    
 -0.367705286    
  -1.68082488    
 -0.794870317    
 -0.148370609    
  -1.67521191    
  0.879717529    
 -0.576732159    
 -0.832090974    
  -1.42668402    
  0.914228618    
 -0.930157125    
  -2.09225273    
  -1.58226264    
   1.59003234    
 -0.442939222    
  0.297467202    
  0.999564767    
  0.193243444    
   6.18231259E-02
  0.663391232    
   1.65670002    
  -1.28287733    
  -4.82841022E-02
  0.237806693    
 -0.643808842    
   1.56265008    
  -1.12321913    
   1.38379192    
  0.515077353    
 -0.161603600    
   1.03410935    
  -1.49048388    
   1.21869922    
  0.961602271    
 -0.126560673    
  0.460566431    
   1.00980997    
 -0.266464442    
  0.146138236    
  0.692015290    
 -0.621019006    
 -0.569703460    
  0.148332790    
  0.391979277    
  -1.93565893    
  0.313397467    
  0.375119954    
 -0.629851401    
 -0.577791512    
 -0.529436886    
 -0.250434786    
  0.847749174    
  -1.24718010    
   1.82313323    
  -1.63946593    
 -0.981819510    
 -0.347131491    
  0.267696708    
  0.538575828    
  0.367894322    
  0.442320764    
   1.12390149    
  -7.91734457E-02
 -0.726358294    
  -1.73133755    
 -0.641987979    
  0.664156556    
 -0.464538395    
  0.216196507    
  -1.29911816    
  0.349481612    
  -1.48469567    
  -1.00928307    
  0.945027292    
   1.26022279    
  -2.13595390    
  0.284855694    
  -1.48109686    
  -1.63311398    
 -0.312519997    
  0.236530721    
  -1.93423736    
  -2.66874675E-02
  0.627463460    
  -1.29402375    
  0.404443383    
 -0.835752010    
   1.13994443    
  0.456242710    
 -0.162328556    
 -0.506507039    
  0.724325418    
  0.680685341    
 -0.127896920    
   6.82984889E-02
 -0.392005354    
  0.788743913    
   1.38427043    
   1.11079216    
  -1.33400297    
   2.01322246    
   9.65602845E-02
  0.320439935    
 -0.300168306    
 -0.835167050    
 -0.198893204    
 -0.696473837    
  0.517397344    
 -0.359873772    
  -1.05482161    
  0.890510976    
 -0.713912308    
  0.599783838    
  0.396475434    
  -1.13738072    
  0.317627430    
 -0.280949116    
  0.411694556    
 -0.417203039    
   1.76393402    
   1.28902853    
  0.664571941    
 -0.693390369    
 -0.976149559    
   1.36534142    
   1.68486965    
   5.61192185E-02
   3.37741189E-02
 -0.454255581    
  -2.14223766    
  -2.07295299    
   1.49963582E-02
  -1.78159189    
 -0.761647463    
  0.644343972    
   2.13714290    
   1.11569035    
   1.17886221    
 -0.897592306    
 -0.695564747    
 -0.203462914    
   1.79640841    
   1.29685640    
 -0.418157399    
 -0.113466635    
   4.91715297E-02
  0.656219542    
 -0.686593890    
 -0.307807237    
   2.54398584E-02
 -0.508728683    
  0.448912382    
  0.123469740    
 -0.311343402    
 -0.795040190    
  0.750585258    
  0.887879848    
 -0.404370070    
   1.30951595    
  -1.34455168    
 -0.109347530    
  0.902178586    
  0.167377502    
 -0.320585012    
 -0.506667733    
 -0.206540048    
 -0.396328568    
  0.982991755    
   1.21729195    
 -0.110071979    
  0.698460996    
 -0.833891869    
 -0.186348632    
 -0.771316946    
 -0.230507255    
   1.56981337    
 -0.766610563    
 -0.745960891    
  0.760490537    
   1.00587714    
   1.13713551    
  -1.08340681    
  0.772149444    
   1.01017249    
  -1.99536753    
 -0.250355333    
  -1.25003636    
  -1.55793118    
  0.592291236    
 -0.441201925    
  0.633064151    
   1.35117424    
  0.385929495    
 -0.953338027    
 -0.323023528    
  0.498103827    
  0.338111579    
 -0.217071176    
  0.286453515    
  -1.25699699    
  -1.82109320    
   2.04935002    
  0.836769998    
   1.36029661    
  -1.47732747    
   1.26988828    
 -0.460003942    
 -0.797476172    
  -1.28874290    
  0.919716418    
  0.209260315    
   1.49194169    
  -1.43423510    
 -0.329498380    
 -0.187386006    
 -0.545218468    
 -0.611902535    
  -1.45307744    
   2.03501272    
   1.49962270    
   1.55943954    
   9.77046937E-02
  0.527376950    
   1.02482784    
  -2.44157650E-02
  -1.93498564    
  0.991790950    
  -1.33158898    
  0.715373755    
 -0.942940533    
  0.532816947    
  -1.62074804    
  -1.52034581    
  0.889023781    
  0.853669167    
 -0.258486003    
  0.312970370    
 -0.227592066    
 -0.511239469    
 -0.120351478    
  0.538108051    
   1.77863050    
   1.85441995    
 -0.328799725    
  0.196021959    
  -6.26221672E-02
 -0.311528862    
  0.440447569    
   1.39805317    
  -1.84293580    
   1.68686235    
  -1.18096614    
  -6.99936450E-02
  0.459687442    
  0.946885884    
 -0.148583651    
  0.416796118    
 -0.691992760    
  -1.42605460    
 -0.498031020    
   1.85526252    
  -1.15270305    
  -1.14081800    
 -0.113268405    
 -0.224401265    
   1.26100397    
 -0.237708077    
  0.502378762    
  0.931956768    
 -0.701716423    
 -0.573014319    
  0.808968008    
  0.507896721    
  0.119286515    
 -0.969938338    
 -0.166644365    
  0.275388509    
 -0.878343999    
  -1.02704668    
   1.32669485    
  0.700021803    
  0.117354050    
  0.135369554    
   1.23798788    
 -0.584081411    
  0.569124401    
   2.00643659    
 -0.821260691    
 -0.939317763    
 -0.562182307    
  0.506560445    
   1.07567203    
  -1.03164423    
 -0.329856515    
  -1.04148006    
  0.627104521    
   7.36639276E-02
   5.49214194E-03
  -1.02525055    
  0.762472272    
  -1.05617392    
  -1.00868785    
  0.606904209    
  0.744731128    
   1.64901459    
   2.01389718    
  -1.42493141    
 -0.425637960    
   1.59740567    
   1.72106183    
 -0.830941677    
 -0.706115782    
   1.56311190    
  0.403875768    
  -1.23556852    
 -0.938427985    
  0.921621799    
   1.67432272    
  -1.08048296    
  0.979854107    
 -0.690133631    
  0.606354952    
  0.225747988    
   1.56960261    
  0.773908496    
   1.35970259    
   1.36653125    
  -1.15185082    
  0.399977118    
 -0.533119917    
  0.839149475    
   1.03428710    
 -0.682503104    
 -0.193621248    
  0.266339004    
 -0.793900907    
  0.831664324    
 -0.802443087    
  0.343294382    
  0.856268406    
 -0.341375977    
  -1.09567952    
   8.98029096E-03
  -1.24837387    
 -0.827494681    
  0.352653265    
  -1.47465348    
   1.29009604    
  -1.27227056    
  0.289879858    
  0.477267414    
 -0.108763829    
   1.01936197    
   1.63940871    
   1.15058255    
  -1.19765306    
  -1.21230066    
  0.958803594    
   1.85186529    
   1.61789155    
   1.78093255    
  -1.82938862    
  -1.74094343    
  0.202268183    
 -0.837807357    
  -1.04157019    
   1.92000616    
  0.899988413    
 -0.815598965    
 -0.372079343    
 -0.981586516    
 -0.392113388    
  0.556099594    
 -0.335614324    
   1.45739794    
  -1.63572013    
   1.25739813    
  0.720880687    
 -0.785814643    
 -0.501281321    
 -0.178623110    
 -0.520118654    
 -0.280969560    
   1.68660188    
  0.549856126    
 -0.380623341    
 -0.537613511    
 -0.783222616    
  -1.84822357    
  0.371190906    
 -0.390923530    
  -1.47591531    
  0.426789254    
  0.854344368    
  0.705512881    
   1.43505025    
   1.42241657    
 -0.961782396    
   1.74198079    
   1.84001040    
  0.986759603    
 -0.736551702    
  0.219363570    
 -0.322261274    
   1.39505410    
   1.04705727    
 -0.889785767    
   1.65437698    
  -1.27024508    
  0.677674890    
 -0.169169977    
 -0.984653175    
 -0.401314139    
  0.799345791    
 -0.180701435    
  0.350379765    
  0.808841586    
 -0.619589508    
 -0.689835548    
   1.18331707    
   1.27303541    
  0.967873275    
 -0.162772790    
  -1.19117105    
  -1.37246537    
  0.100469671    
 -0.147985384    
 -0.463530660    
   1.12324727    
 -0.821695447    
  -1.59601235    
   5.41251898E-02
 -0.540605068    
  -1.33139157    
 -0.765956879    
   1.05834961    
 -0.159591436    
   2.01878381    
  0.992721021    
   1.41913915    
  0.885340452    
  0.283917427    
 -0.746450305    
  -9.29114595E-02
 -0.423559099    
 -0.618646145    
 -0.795535743    
  0.190713733    
   1.59384871    
  0.376256436    
 -0.258993059    
  -1.38784158    
 -0.733069897    
  0.387264490    
  0.205891982    
  0.911350965    
  -1.38365293    
 -0.580721498    
  -1.63278222    
  -1.80713654    
 -0.913436234    
  0.294641942    
  -1.99115312    
  -1.26802886    
   1.05885124    
  -1.10828459    
  0.946895897    
 -0.169995338    
  0.234200522    
  -1.43751276    
  -5.64252473E-02
   1.66096020    
   1.78238094    
  0.981291234    
 -0.838047266    
 -0.137017444    
 -0.815489590    
 -0.949721634    
  0.286772072    
   9.57612470E-02
 -0.771360874    
  -2.78083757E-02
  0.775631487    
  0.621087730    
  -1.00960112    
  0.647654116    
   8.76852423E-02
  0.125649229    
  0.931982279    
 -0.612767756    
 -0.645440400    
 -0.795051932    
   3.68517637E-02
   1.74112403    
 -0.949638128    
   1.56318676    
   1.06994569    
  -1.88895249    
   1.36235774    
  0.965594709    
  0.731706083    
  0.147707462    
  0.302904934    
  0.715143800    
 -0.170554519    
 -0.697301030    
 -0.525111616    
  0.984239638    
  0.482499748    
   1.07908332    
 -0.807990432    
 -0.142049268    
  0.164400250    
 -0.899187565    
   1.78868723    
  -1.82428300    
  -1.82302594    
  0.689077079    
 -0.729395270    
  0.388448238    
   1.49207020    
  -1.49249017    
  0.366390258    
  -8.14591944E-02
  0.616893232    
  -2.13881899E-02
  0.556498051    
 -0.719790459    
  -1.80768085    
   9.89753008E-02
 -0.246719539    
 -0.481519848    
  0.481042683    
 -0.211025730    
  -1.74685013    
  -1.74815619    
  -1.84059644    
   1.49971628    
  -1.37012780    
   1.02588105    
 -0.749575496    
  0.893674970    
 -0.115043774    
  -1.13387144    
 -0.490472049    
  0.302101791    
  0.275814623    
 -0.341425538    
  -1.17327404    
  0.589857578    
  -2.00332451    
   1.81959856    
   1.27431083    
 -0.379966825    
  0.415467262    
  0.990493238    
 -0.404441357    
  0.703046799    
  -3.08106616E-02
  0.873189270    
   2.09040308    
  0.998019814    
   1.45371556    
 -0.490992397    
  0.859668672    
  0.124389097    
 -0.833907962    
  -1.48635352    
  -1.31348002    
   1.78510892    
   1.59686410    
 -0.173791811    
   1.56531775    
  0.690613389    
   1.29119372    
  -1.13845563    
  0.696128249    
  -4.85331640E-02
  -1.17902982    
 -0.542408526    
  -1.28299868    
  -1.20201659    
   1.47190249    
 -0.864974856    
  -1.69242267E-02
  0.138525367    
  0.552072704    
 -0.610138178    
 -0.808596849    
   1.46133661    
   1.38741624    
   1.10531425    
   1.88600028    
  0.885774195    
  0.910935879    
 -0.639699697    
 -0.846179187    
  0.342872381    
  0.557993233    
   1.44426727    
  0.573055446    
  0.600660503    
  0.849523544    
   1.38742387    
  -1.73479962    
 -0.235917643    
  0.243090376    
  0.687682867    
  0.767906725    
 -0.486205280    
 -0.350023657    
  -2.14182186    
  -1.08815527    
 -0.585503757    
  0.322789282    
  0.704758584    
  0.872318983    
  0.222329572    
 -0.899858594    
 -0.685456395    
  0.433150947    
   1.11551380    
  -1.25057733    
   1.08540130    
 -0.539812148    
  0.604966581    
 -0.114826128    
  0.686855435    
 -0.409226418    
 -0.444236130    
  0.568420589    
 -0.343532979    
 -0.646488488    
  0.748567998    
 -0.954911053    
  0.477529228    
  0.539276004    
  -6.25184551E-02
  0.726388156    
   1.51071918    
 -0.884070873    
  -1.90348673    
 -0.187697664    
  0.181884423    
 -0.762012243    
  0.895646036    
 -0.235266000    
 -0.305402964    
   1.36202109    
  -1.01388550    
   1.83716798    
   1.79292464    
  0.366338402    
  -1.44737102E-02
  0.326678753    
  0.336144120    
  -1.17220294    
  0.370589823    
 -0.663876116    
  -1.56305552    
  0.424835324    
  -1.00983942    
 -0.932778239    
  0.442874849    
  0.431583762    
   1.79734361    
  -4.06827219E-03
 -0.280604511    
 -0.154052541    
  -9.29076299E-02
 -0.823066950    
 -0.802134752    
 -0.622347295    
 -0.292018473    
 -0.703620017    
 -0.706294060    
  -1.02875948    
  0.971691728    
   1.26362669    
  -1.73798680    
  0.539670646    
  0.712203085    
  0.780211926    
  0.294986278    
 -0.882345080    
 -0.149008706    
  0.730293989    
  0.932220101    
  0.239799440    
  0.324948341    
  0.577633619    
 -0.248479322    
  0.179581299    
  0.812164664    
  -1.30253124    
  0.826078475    
 -0.361365318    
  0.731474638    
   1.38036513    
   1.27452183    
   9.82656628E-02
  0.959365845    
   1.32158792    
  0.918295085    
 -0.149422541    
  0.709713221    
  -1.04873061    
 -0.216782257    
  0.504534721    
  0.202439338    
   1.00261867    
  -1.33238375    
   1.03890204    
  0.556075275    
  0.939546108    
 -0.608258307    
  0.138978526    
  -1.62457716    
  0.240232170    
  0.189621955    
  0.262685329    
 -0.919927180    
   2.12867763E-02
 -0.833130121    
  0.559066832    
   1.13292265    
 -0.926124096    
  -1.13543248    
 -0.408905566    
   1.46372330    
 -0.866961956    
  0.614532113    
  0.507929623    
  -1.62213588    
  0.242249444    
 -0.871803463    
  -1.40232217    
  0.881073713    
   1.32208097    
   1.38328969    
  -1.30769253    
  0.350376189    
  0.830771804    
 -0.723967016    
   1.07348776    
  0.603515685    
 -0.521139145    
 -0.323467255    
  0.677000999    
 -0.236385882    
  -1.87673390    
  -2.66351011E-02
  0.104144044    
 -0.173609167    
  -1.81151032    
 -0.951168239    
 -0.989953756    
 -0.828289092    
 -0.507923782    
   1.41337872    
  -1.15008652    
  0.767208815    
 -0.697988927    
  -1.12739624E-02
  -1.42300129E-02
   4.50764373E-02
  0.695197403    
 -0.272104472    
  0.903825998    
 -0.637978971    
  -1.39886236    
 -0.508798420    
 -0.936527729    
 -0.512440383    
 -0.341127932    
 -0.877515316    
   4.95633893E-02
  -1.20230198    
  0.466660410    
 -0.240613550    
   1.26544499    
   1.66848266    
  0.551735461    
  -1.57104850    
  -1.34197557    
  0.413104892    
  0.281723142    
 -0.378736585    
 -0.869561136    
  0.783217251    
  -1.17494500    
  -1.32329381    
   1.85406029    
  0.466077983    
  0.849085152    
 -0.748004735    
   1.52782941    
  -1.99408317    
 -0.146968961    
 -0.109823428    
 -0.522050083    
  -1.65394688    
 -0.699340224    
  -1.51758337    
  0.281803608    
  0.317525268    
   1.87298262    
  -1.47299993    
  0.850901663    
 -0.873946667    
   1.13040447    
 -0.920375466    
   2.50135153E-03
  0.881318927    
  -1.68988824    
 -0.957229555    
 -0.303637028    
   1.22254670    
  0.367439628    
  0.666420341    
 -0.145193592    
   1.54255652    
 -0.129902959    
   1.27810860    
  -1.26242375    
   1.09482384    
  0.737857044    
 -0.516054928    
   2.69104745E-02
  0.493715227    
 -0.327615470    
  -1.33767641    
  -1.30393314    
   1.05667663    
 -0.722490251    
   1.17644548    
   1.10092103    
 -0.863587737    
 -0.651355028    
  -1.72646201    
  -1.62030125    
  0.517588675    
 -0.847348392    
   1.26523602    
 -0.447871417    
 -0.554478765    
 -0.671097100    
  0.337390721    
  -1.47824299    
  0.728398025    
  0.340139091    
  0.507350266    
   1.45141244    
  -1.09530842    
 -0.939736664    
   1.30786526    
  -1.13325298    
  -1.56058788    
  -1.07328415    
   7.35224113E-02
  0.926709831    
 -0.667371392    
  -1.55701590    
 -0.868583798    
   1.55304694    
   1.39509118    
  -1.33881843    
 -0.208362669    
  0.353315622    
  0.123858020    
  0.213326290    
   1.68624401    
  -1.54839706    
 -0.909767449    
  -1.86453545    
  0.679986954    
   1.32876039    
   1.81203747    
  0.304918379    
 -0.841855466    
  -1.13354743    
   1.24714386    
  -1.62383354    
  -1.05415130    
 -0.420497298    
  -1.37482548    
 -0.338065863    
  0.491800368    
  0.203551307    
 -0.194846123    
   1.45220208    
  0.399746209    
 -0.797710657    
 -0.804786563    
 -0.907989800    
  0.998593032    
   1.06687462    
  0.364893317    
  -1.15894258    
 -0.946083307    
   1.10220349    
  0.480748147    
   1.22902846    
  -5.38475141E-02
 -0.865764916    
  0.168950811    
  0.438639253    
  -1.24576294    
  0.419806838    
 -0.329764575    
  0.609042287    
  0.203600854    
  0.766463697    
 -0.385248214    
  0.122330695    
  -1.90846670    
  0.312243104    
  -2.00606231E-02
  -1.83390260    
  -2.02058792    
   1.80907094    
 -0.386770189    
 -0.141944036    
 -0.587135017    
  0.901785970    
  0.745115101    
  -1.43858254    
   1.10483205    
  -1.26366711    
  -1.13687396    
   1.10654294    
 -0.433550477    
 -0.368032008    
  -1.28297925    
 -0.453894138    
 -0.614731133    
  0.931178629    
  -1.22352149E-02
  0.514708757    
 -0.367497355    
 -0.159359738    
   1.09055603    
  0.860414803    
 -0.935841858    
   1.02703035    
  0.778345346    
  0.641279101    
  -1.71013653    
  -1.05446553    
   8.54587555E-02
   1.29497564    
  -1.76028645    
  -1.97249854    
  0.969284654    
   1.79441953    
 -0.667935193    
  -2.74167731E-02
  0.965084553    
   1.05953431    
   1.13300204    
  -1.22079110    
 -0.105447598    
  0.591489375    
  -1.25450766    
 -0.929698348    
  0.315040499    
 -0.167126402    
  0.244562283    
 -0.517212927    
  0.401318222    
  0.589409530    
  -1.06947947    
  0.247276157    
   1.04637003    
 -0.142096281    
   1.13141191    
  0.793587983    
   1.43130589    
   1.38814759    
   2.02190089    
  -1.09602618    
  0.651150405    
  0.522526979    
  0.654782116    
   1.44125760    
   1.92642450    
   1.25978529    
  -4.22925577E-02
 -0.259040594    
  0.135387436    
  -2.82393172E-02
 -0.297448784    
  -1.08784032    
   1.53563285    
   1.15475094    
 -0.984022737    
  0.581903696    
   1.07916451    
  -1.88113916    
 -0.596882403    
 -0.532940328    
 -0.703670859    
 -0.745803237    
   1.01559007    
  -1.18037581    
  0.772860110    
  0.560392916    
  0.242641047    
  0.572113872    
 -0.831531525    
 -0.252430588    
  0.892342329    
   1.43692935    
  -1.16454840    
 -0.701040506    
  -1.71940982    
  -1.37694385E-02
   1.40974498    
  0.524896562    
  -1.55342603    
 -0.775259793    
 -0.580480576    
  0.483152419    
 -0.656113505    
  0.614030421    
 -0.821738124    
 -0.119877115    
  -1.68381691    
  -1.00112176    
  0.990391612    
   1.09517789    
  -1.03817475    
  0.212598518    
  -1.96103084    
  -1.86483407    
  0.520375073    
  0.233395860    
   1.06034338    
   1.09533954    
  0.910177946    
  0.121998616    
 -0.126745865    
 -0.626812041    
  0.802842855    
 -0.452864915    
 -0.313901991    
  0.371868342    
   1.24220586    
  -1.30770206    
  -1.90668297    
  -1.50986314    
  -1.68393421    
  0.643919945    
 -0.613161922    
 -0.775740266    
 -0.252343744    
  -1.27781022    
  -1.21858573    
  0.119414754    
  0.690984547    
  0.407673538    
 -0.928321183    
 -0.618238688    
  0.484101683    
  0.534360886    
  0.677945435    
  0.120956637    
   1.57854819    
   1.52680635    
  -1.05876720    
  0.351997256    
 -0.835650623    
  -1.39727760E-02
 -0.430057704    
   1.41081452    
   1.75272465    
  -1.49618411    
   1.75054729    
 -0.346226424    
 -0.766766369    
  0.512667954    
  0.434727073    
   1.58712745    
   3.85969877E-02
  0.444041222    
  0.672470391    
  0.774582326    
   1.20045602    
 -0.285647333    
 -0.558407784    
 -0.991101742    
  0.206135929    
  0.514424443    
  0.252858222    
 -0.563634813    
   1.46210968    
   1.61444175    
   1.84311998    
   1.49323165    
  0.976942003    
  0.591790080    
   1.38280571    
 -0.284285545    
  0.402678251    
  -1.95786941    
  0.786464036    
  0.510562301    
  0.623120308    
  0.713174343    
  0.390651226    
 -0.119801752    
  0.175275460    
 -0.132942274    
  0.898414850    
  0.158761993    
  0.907412767    
  -1.20725584    
  -1.21826982    
  -1.24171889    
  -1.52599239    
 -0.142303452    
   1.46364486    
  -1.76964426    
  0.759877682    
  0.960099757    
 -0.546748877    
 -0.640622377    
   4.60083112E-02
 -0.807123661    
  0.394101799    
   1.62231541    
  -6.39967397E-02
  -6.82634953E-03
 -0.350930750    
   1.52763164    
  -1.42201805    
 -0.985513270    
 -0.954682708    
   3.46919447E-02
  -1.43288732    
  -1.72482586    
  -1.43794727    
  0.254152566    
 -0.194965929    
 -0.972280562    
  0.267075211    
  -1.40913856    
 -0.368467808    
   1.91664290    
  -1.70922995    
 -0.374316573    
 -0.988050401    
   1.01413012    
   1.51640570    
  -1.11431885    
   1.01761401    
 -0.522344887    
  -1.29775798    
 -0.214380786    
 -0.432221621    
 -0.469286948    
  0.804485142    
  0.334258676    
  0.869127631    
 -0.733425021    
   1.21987498    
 -0.717903197    
   1.67017961    
 -0.157052785    
  0.347415805    
   9.54158753E-02
 -0.235321432    
 -0.904800534    
  0.954466581    
   2.02852273    
   4.86356020E-02
  0.406759292    
 -0.160258412    
  0.317584783    
   1.08539414    
  0.214314371    
 -0.333361536    
  -1.11474216    
 -0.594165504    
  0.511471927    
 -0.300952286    
 -0.780024409    
   5.60423285E-02
  0.108948261    
   1.43686652    
  0.752300322    
  -1.45337427    
 -0.210910767    
  0.497584760    
  0.900864065    
  -2.01536536    
 -0.811278522    
  -1.04880786    
 -0.620526969    
  0.706667006    
 -0.870648324    
  0.925965428    
  -1.20253897    
  -1.13270915    
  -8.59755278E-02
   1.70943224    
  -1.91169918    
  -1.12107491    
  -1.01251829    
  -1.19203782    
  -1.30628502    
  -1.46019173    
  0.312641352    
   1.04345262    
 -0.204420596    
  -1.46531320    
   1.12740445    
 -0.187023282    
  0.282747746    
   1.05686772    
  -8.40205774E-02
   1.60956645    
 -0.158061296    
  -6.03236444E-02
 -0.505734086    
  0.303460002    
  0.533245385    
 -0.195476830    
   2.15417147E-02
  0.405085087    
 -0.389710397    
  0.392669767    
  0.423799992    
  0.718182385    
 -0.598753870    
 -0.886779904    
 -0.939184904    
  -1.93268812    
  -1.56335282    
  -1.60327303    
  -1.31436718    
  0.204647943    
 -0.769568682    
  0.241189852    
  0.580901563    
 -0.615694940    
   1.25923324E-02
 -0.381408572    
   1.41195083    
  0.173345536    
  -1.10449409    
  0.230611727    
  0.433793396    
 -0.785869360    
  -1.30177641    
   1.78078365    
  -1.17358422    
   9.95181277E-02
  -1.41390681    
 -0.116979815    
  0.690547466    
  -1.02461791    
   1.65229130    
  -1.10103583    
  -1.22713006    
  -1.21094704    
  0.581879199    
 -0.506336927    
   1.78162530E-02
  0.829875171    
 -0.616262019    
  0.432182282    
  -1.53712714    
 -0.113518491    
  -1.33599222    
   1.98971927    
   2.07091904    
  -1.74746275    
  0.816285312    
  -1.19267046    
  0.947453022    
 -0.922227204    
  -1.22893679    
   6.35203272E-02
  0.829738021    
  -7.12747201E-02
   1.72027373    
 -0.791498125    
 -0.463879347    
  0.598198473    
  0.226272419    
 -0.553268194    
  0.199055672    
   2.13252854    
   1.87639010    
 -0.901054859    
  0.648281991    
  0.842653215    
  -1.28415120    
  -1.48022318    
  -1.32539666    
   1.29832089    
 -0.767343462    
 -0.272163749    
 -0.366089076    
  0.456249118    
  -1.56270885    
   2.00662231    
  0.306768566    
   1.68287480    
   2.09223270    
 -0.570891082    
   1.98340333    
  0.364690244    
 -0.353189707    
   1.94421935    
 -0.731737256    
 -0.642413557    
  0.809358597    
  0.594899893    
 -0.775527775    
  -1.70025253    
   1.08263886    
  0.876216114    
 -0.984754384    
   1.06274867    
  -6.51838109E-02
 -0.885368288    
 -0.483308256    
  0.194424644    
  -1.17071009    
  -1.03493416    
  0.607723653    
   1.82990432    
 -0.295596272    
  0.139398992    
   2.03651118    
  -1.36390913    
  0.214808658    
  0.820226908    
  -1.02562487    
 -0.285106033    
  0.668559253    
  -1.17420971    
  -1.82834685    
  0.729844391    
  0.885475576    
  0.920177758    
 -0.595977902    
  -1.86708033    
   1.42671621    
  0.336559236    
   1.28070116    
  -1.56708622    
   8.81871954E-02
  0.167486072    
  -3.72157767E-02
 -0.117530055    
  -1.08848226    
  0.112471662    
  0.763229191    
 -0.551178098    
   1.16305435    
 -0.438331187    
  -1.60024881    
   2.10464168    
  -1.02712917    
 -0.116868444    
  0.161970675    
  -1.00776541    
  -1.13355792    
 -0.668520927    
 -0.793749928    
  -2.06542039    
  0.280516654    
   9.55819190E-02
 -0.685500801    
  -1.06796062    
 -0.591880262    
  0.155220449    
   1.14956594    
  0.997922719    
   1.20616841    
 -0.692113638    
  -1.79302323    
  -3.52725796E-02
   1.25282681    
  0.178787619    
   1.85339463    
 -0.302701324    
  0.584251285    
  0.490578830    
 -0.663723350    
   8.69858265E-02
   4.64397669E-02
  0.825399220    
 -0.206925273    
  0.106206276    
 -0.143575579    
   1.28700507    
  -1.14393151    
  0.706687212    
 -0.318864584    
 -0.814759016    
   2.83652544E-02
  -1.62539721    
  0.880964398    
 -0.835400283    
  0.304580659    
  0.987524688    
   1.11375582    
 -0.376137912    
  -1.70521843    
   1.30667591    
   1.70306933    
  0.547478676    
  -1.82731748    
   1.90315950    
 -0.465758443    
  -1.16905987    
 -0.341896057    
  0.445725143    
 -0.329782188    
 -0.147298992    
 -0.852575898    
  0.474888921    
  0.121733457    
   1.82356977    
  0.768833458    
 -0.178330109    
 -0.153810635    
  0.576568902    
   1.24286282    
   1.83151186    
 -0.157711327    
  -1.29944420    
  -1.06231105    
 -0.402096570    
  0.684339523    
 -0.399647087    
 -0.924158931    
 -0.710407019    
   2.69582439E-02
   1.35281980    
  -1.14328517E-02
   4.38998416E-02
   3.67074348E-02
  -6.21064194E-02
   1.33160460    
  -1.24091506    
 -0.739921331    
   1.53922880    
   2.09140992    
  -1.53248334    
 -0.980804861    
   1.30442798    
  0.923412740    
  -1.35449278    
 -0.427461594    
  -1.25501907    
  -1.93434775    
  -2.11129570    
   1.86713672    
  -1.22280931    
  0.160835728    
  0.566122353    
   1.28492010    
  -1.73420954    
   1.48881960    
  0.193238854    
  0.107783929    
 -0.469905883    
 -0.200702548    
 -0.241551816    
  -1.21509659    
 -0.374493331    
  0.591640353    
 -0.361278713    
  0.313450605    
  0.343912065    
 -0.182854354    
  0.538444519    
   1.02148247    
   1.80094206    
  -1.78642776E-02
 -0.299851030    
  0.321066529    
  0.131883964    
   1.13495469    
  -1.90415812    
 -0.914914012    
   1.34036541    
 -0.623333633    
  -6.79390728E-02
  0.800177515    
  0.630661428    
   7.61961937E-02
 -0.587965488    
   1.96462584    
   1.25000489    
   1.24328053    
  0.322621971    
  -1.65980399    
   1.81015384    
 -0.477912158    
 -0.185802996    
   9.84332338E-02
  0.940588593    
  -5.29715829E-02
 -0.325290650    
   1.06388080    
  0.943650901    
 -0.275337696    
  -1.66322780    
   1.02009845    
  0.559886336    
  0.326702505    
  0.323028386    
   1.46995652    
 -0.323830247    
  0.528238058    
  0.115729906    
  0.225894362    
  -1.45745003    
 -0.852569222    
  0.967705190    
  0.495014161    
   1.43562806    
  0.851356626    
 -0.687967658    
   2.99927164E-02
  0.615252256    
   1.33717823    
 -0.768615305    
  -7.87281990E-02
  0.302573860    
  -1.41627634    
  0.517627776    
 -0.690784514    
  0.698898554    
 -0.851708114    
   1.58684874    
  -1.25789726    
  0.248565406    
  0.146780953    
 -0.433242917    
 -0.297313660    
  -3.90136242E-02
 -0.753331065    
 -0.267482907    
  0.792773068    
  -1.73670709    
 -0.203188062    
  0.811966181    
  -1.01429546    
   1.06489134    
  0.833575845    
 -0.953674734    
  0.629753053    
 -0.312538385    
   1.13093245    
  -1.59418011    
   1.19233310    
  -1.17250824    
   1.74196565    
   2.03239703    
  0.166506171    
 -0.412505597    
 -0.340038180    
 -0.564419508    
   1.60637212    
  0.153936312    
  0.393920958    
  -1.86656022    
 -0.645438850    
 -0.628840804    
 -0.294870049    
 -0.399907887    
 -0.333464235    
   1.69841480    
  0.478860885    
  0.828465104    
 -0.146169409    
 -0.220812723    
 -0.828972161    
  0.214875847    
  -1.48105264    
 -0.774083197    
  0.613937438    
  0.294569641    
  0.538417161    
 -0.221802324    
 -0.271169782    
  0.952082992    
  0.967353702    
  0.173418596    
  0.951887608    
  0.325912923    
   1.73704290    
  0.394256115    
  0.161086321    
  0.281349421    
 -0.719452739    
 -0.260795265    
   1.66017795    
   1.55080855    
 -0.715641975    
 -0.420975506    
  -9.33784246E-02
  0.703499198    
   1.54122019    
  -2.00873089    
 -0.951952219    
  -1.61825144    
 -0.162530884    
  0.227221668    
 -0.283475757    
  -1.33733332    
  -1.34417617    
  0.833467066    
   9.28172022E-02
  -2.00598575E-02
  0.760933459    
  -8.01957473E-02
  0.168204129    
  0.447928905    
   1.03639817    
   8.68126303E-02
  0.266011506    
  0.351783961    
  0.265333295    
 -0.254113764    
  0.641427040    
  -1.17124403    
  0.690256238    
   1.01132870    
  -1.25009024    
   1.12327230    
  -1.43222368    
 -0.200686708    
 -0.915909231    
   2.04386544    
  0.293717474    
 -0.730319023    
  -1.10930085    
 -0.968572974    
 -0.831013739    
  0.548508644    
 -0.668233037    
   1.37270296    
  0.480842143    
 -0.115373813    
  -7.72384182E-02
  0.224936679    
  0.362559289    
   1.73508132    
  0.480078608    
   1.60720313    
   1.65240598    
  -1.44429231    
 -0.982892394    
  0.680868506    
   2.10540625E-03
 -0.215602085    
  0.470136046    
  0.366872281    
  0.850540698    
  -2.19062380E-02
  0.965195954    
  -1.00197315    
  0.831252575    
  -1.29435122    
  0.869295716    
   1.38604045    
   1.29052281    
  -1.69408524    
   1.11098421    
  -1.86501145    
  -2.10872984    
   1.02199972    
  -1.18759012    
  0.895696342    
  0.931904614    
  -1.78776205    
 -0.118335225    
  0.861640990    
  0.602634847    
 -0.595313191    
   1.20970786    
   1.21547461    
  -1.01007676    
 -0.813407958    
  0.514429808    
  0.278676152    
 -0.594555795    
  0.290993363    
  -1.78305101    
   1.41744852    
 -0.318784624    
  -1.41030693    
 -0.599679589    
  0.651504993    
 -0.975587308    
  -1.38324738    
  0.818861246    
 -0.168076664    
   1.44076252    
   1.16239786    
   1.67306077    
  -1.15292883    
  0.595143080    
 -0.693127215    
  0.898331523    
 -0.782217979    
 -0.442245424    
  -1.32753348    
  -1.75283146    
  -2.05311370    
  -1.32602990    
   1.08084667    
 -0.951756299    
  -1.17319047    
 -0.105870366    
  -1.55380976    
  -1.45978332    
  0.500519574    
  -1.35224462    
   1.46939600    
  -1.15138292E-02
  0.585589826    
  0.918297648    
  0.998430073    
  0.277164400    
 -0.817592978    
   1.34522820    
 -0.346549809    
 -0.845242739    
  -1.86152887    
   1.98873091    
  -1.45987272    
 -0.621031523    
  -2.01455092    
   1.93480754    
   1.51725614    
  0.553267658    
  0.610209942    
   2.89957002E-02
 -0.940770745    
  0.603371322    
   1.09332740    
  -1.85129690    
 -0.596243560    
 -0.562720001    
   1.08945274    
 -0.549606860    
 -0.417178273    
  0.107390285    
  0.305716127    
 -0.570853531    
  0.342216909    
   1.12900305    
 -0.153385818    
  -1.06079245    
  0.437695622    
   1.91229129    
   1.61908650    
  0.528794944    
 -0.301991194    
  0.422675520    
 -0.514162362    
 -0.430114418    
  -1.08562946    
 -0.644922554    
  -1.16445291    
  0.117448822    
  0.741105080    
  0.327810645    
   1.93976092    
  -1.49174094    
 -0.281862855    
  0.255345792    
 -0.361727029    
  0.586805522    
   2.06127620    
  0.635687113    
  0.438058883    
 -0.245435908    
  0.810607195    
   1.38353240    
  -1.79277182    
  0.732662976    
  0.336584777    
  0.250701994    
 -0.683911145    
   6.64536431E-02
  -2.39610672E-02
  0.678262949    
  -1.14248180    
 -0.803530276    
  0.844042897    
  0.866575241    
 -0.796761155    
  0.107184902    
   1.34459901    
   1.15984285    
  0.643454015    
  -1.03774869    
 -0.976922333    
   5.83505630E-02
   1.00053287    
  -1.44102359    
  -6.65742159E-02
 -0.209057748    
   2.80620363E-02
 -0.400692880    
  0.749491692    
 -0.203022525    
   2.07592752E-02
  0.890579700    
 -0.869491398    
   1.78548312    
  0.226730436    
   1.41071165    
  -1.37333930    
  0.125550374    
 -0.205578282    
  0.931668341    
  0.248961359    
  -4.56491522E-02
 -0.210320175    
 -0.254251182    
 -0.544830441    
  0.129782632    
   3.55218984E-02
  0.681224108    
  -1.15340734    
  0.486967027    
  0.535387278    
 -0.205341235    
  0.441720992    
  0.724049270    
 -0.706324458    
   1.12149417    
  -1.40358949    
 -0.576279998    
  -1.56123388    
  -2.06761551    
   5.62055595E-02
 -0.239892676    
  0.246692970    
 -0.353379250    
  0.829558969    
   2.77187135E-02
  0.738509178    
 -0.639231682    
 -0.105707899    
 -0.114830218    
 -0.628496230    
  -4.96957116E-02
  0.312932819    
  -1.36801183    
  -1.13390183    
   1.37547839    
 -0.387254268    
 -0.943623066    
  -1.31749392    
  -2.11191559    
  -2.10750532    
   1.03613043    
  0.609424412    
   1.42335892E-03
 -0.755258918    
 -0.107460022    
  -1.46643007    
  0.671555102    
 -0.486672491    
  0.310896873    
 -0.253438354    
   1.26142526    
 -0.809460759    
   1.37244236    
   9.13933292E-02
 -0.594223738    
   1.36160398    
  -1.49375796    
  -1.65765643    
   1.46988630    
 -0.278421730    
  -1.21465337    
  -1.35623491    
  0.132027522    
  0.572572649    
 -0.527971089    
  0.831385374    
 -0.225134656    
  0.437780172    
  0.559118986    
 -0.886067212    
 -0.419481128    
  -1.79834902    
  0.449452639    
 -0.659908473    
  0.719461143    
  -1.72094357    
   1.05300331    
 -0.162023813    
  -1.41130805    
  0.437991440    
  0.848697901    
  -1.44373441    
   1.20725358    
 -0.522983730    
  -1.23326612    
   2.07829785    
  0.443041384    
  0.661092997    
  0.848940313    
  0.436527967    
 -0.127469808    
 -0.584565461    
  -1.03228366    
   1.73560882    
  -1.59086156    
  -1.76719308    
  -2.10931897    
  -1.76335621    
  -6.71949536E-02
 -0.177975297    
  -1.36146963    
  0.197503567    
  0.506749213    
 -0.312426507    
 -0.264392227    
  0.508080900    
 -0.106652036    
 -0.178820312    
   1.56187761    
  -5.90011887E-02
   1.51310349    
  -1.08599365    
  -1.09438694    
  -1.05096605E-02
  0.999557853    
  -1.56805158    
   1.31199205    
 -0.748986661    
 -0.482017964    
   1.18832052    
  0.724796951    
  -4.76988703E-02
 -0.492913365    
  -1.09995365    
 -0.575772703    
  0.218452886    
  -8.84045810E-02
   1.81372941    
 -0.277936876    
 -0.639991939    
   1.93880963    
 -0.686365485    
  0.169436663    
 -0.866534352    
  -2.05432129    
   4.92898040E-02
  0.773614943    
  0.553000987    
  -2.05103493    
  -1.54996347    
   1.15264606    
   6.25751689E-02
  0.628377974    
   8.88204575E-02
   2.00529790    
  -1.16853988    
   1.89409292    
 -0.941614449    
  0.112836190    
   1.24394619    
 -0.509960949    
  0.231632248    
  -1.37934387    
  0.760178864    
   1.21530473    
  0.451908529    
   1.88507247    
  0.452068955    
 -0.314943194    
 -0.472932965    
 -0.777128398    
 -0.777216792    
  0.518718243    
 -0.143657580    
  0.562645674    
  0.696668267    
   2.00156644E-02
 -0.684210539    
  0.133893058    
  0.717504144    
 -0.274404794    
  0.338990331    
  0.881296456    
  -1.12177646    
  0.206090465    
   1.25236249    
 -0.154266104    
   1.31570089    
   1.65898323    
  0.962316811    
  -4.57909256E-02
  0.777754009    
 -0.227840871    
   5.47479726E-02
  -1.00974798    
  0.448582083    
 -0.292016178    
 -0.696650386    
 -0.881599903    
 -0.710370243    
  0.453461140    
  0.776022553    
 -0.415595770    
 -0.749241114    
 -0.713657618    
  0.721301675    
  -8.75996649E-02
  -1.18409312    
 -0.339754879    
  -1.38953114    
 -0.386001021    
   1.63771439    
  -1.55516624    
 -0.683612049    
  0.945224226    
  0.847630918    
  0.649036586    
 -0.834306180    
  0.808161020    
  0.743239582    
 -0.542797625    
 -0.326777101    
 -0.418542624    
 -0.584554970    
  -3.57985497E-02
   1.18357933    
 -0.474548399    
  -1.45483017    
 -0.686571896    
 -0.784996450    
  0.808333218    
  -1.49817073    
  -1.27068293    
  0.205378011    
  -1.44064844    
 -0.496780604    
  -1.15122020    
   1.52368569    
  0.507803202    
  0.807949781    
   1.05158508    
  -1.13523626    
   1.46151960    
  0.572079897    
  -1.81069100    
   4.22026403E-03
  -1.41413867    
 -0.996020377    
  0.657725155    
  0.150833130    
   1.84284770    
  -5.02290875E-02
   1.62098408    
  0.813740313    
  0.250514984    
  0.215312153    
 -0.162105560    
  0.318644643    
 -0.967265844    
   1.36140013    
  0.824558258    
  0.286117882    
  0.267138034    
  0.171932653    
   5.73824123E-02
  -1.25665140    
  0.955413520    
  -1.17303085    
  -1.76832747    
 -0.135818884    
 -0.511069119    
  0.360929012    
  0.577209294    
  -1.22840703    
  0.401511103    
 -0.429888874    
 -0.173473522    
  0.995366693    
   1.19595742    
 -0.854660332    
 -0.171119824    
 -0.511694968    
   1.37963355    
 -0.705148876    
 -0.308230758    
   1.53140545    
  -1.14581919    
  0.396613389    
  -1.85738373    
   1.53664517    
  -1.35388434    
 -0.742703140    
  0.310033470    
 -0.974793911    
   1.03291690    
  0.619269907    
  -1.89230609    
  0.899826407    
 -0.445475042    
 -0.262468964    
 -0.520852268    
  0.543390214    
 -0.134780750    
  -1.20293343    
  -1.58148789    
  -1.72834086    
  0.891105652    
   1.94089079    
   1.34775662    
  -1.17968656E-02
 -0.742793560    
 -0.617146373    
   1.10414362    
   1.48866224    
   1.64319575    
  0.295777917    
   2.32601166E-02
   1.38513684    
  0.854839921    
   1.07076204    
  0.933918059    
  -2.03149056    
   1.68664038    
  -1.68774343    
 -0.515794933    
  -1.55323040    
  -1.30833483    
  0.652339041    
   1.44442773    
 -0.270539343    
   2.34348420E-02
 -0.683375716    
  0.182255074    
   1.12770557    
 -0.195675313    
  0.875372350    
   1.27401447    
 -0.884699821    
  0.878921270    
  0.621036351    
  0.712790608    
 -0.563940823    
  -1.02939761    
  0.362164885    
 -0.542573035    
  0.828376710    
   1.06461191    
  -1.37872481    
   1.62265778    
  -1.99875629    
 -0.642367065    
  0.380870104    
  0.777658701    
 -0.477068931    
  0.478706092    
 -0.139400020    
  0.764966249    
  0.825612247    
  -1.13796473    
   8.23721662E-02
  -3.16058733E-02
  0.101188250    
  0.267386347    
   1.59935653    
 -0.621193469    
  0.119240791    
 -0.832310140    
  0.487809241    
   1.29134512    
  -1.91640735    
 -0.552321494    
  0.150408313    
   7.38981739E-02
  0.214594334    
 -0.825985730    
   6.45165741E-02
  0.697846115    
  0.576598525    
   1.07009566    
   1.01245141    
 -0.923943043    
  0.455203295    
  0.316812545    
  -1.01572108    
  0.241775081    
 -0.449822277    
 -0.422505885    
  0.346431792    
   1.38871598    
   1.52034271    
  -1.73442638    
  0.711195350    
 -0.801888525    
 -0.418538272    
 -0.336428940    
  -2.05122328    
 -0.647265792    
 -0.376750469    
   1.70376515    
  0.453315288    
  0.264459670    
  0.333925813    
 -0.444996864    
  -3.35051306E-02
  0.382147074    
 -0.600867689    
  0.918033004    
 -0.571733296    
  0.684584796    
   1.21883404    
  -3.35278660E-02
 -0.890366673    
 -0.735828996    
 -0.586169183    
  0.526401877    
 -0.537570596    
 -0.137113243    
   1.02803779    
  -1.00053883    
 -0.802289307    
 -0.573716044    
  -7.79112726E-02
  -1.74006999    
  -2.05266905    
   1.67507708    
  -1.83139670    
   1.09459698    
  -1.03601670    
 -0.812893987    
   1.52105534    
   1.18669248    
 -0.683779359    
  0.622043610    
  -1.59832549    
 -0.717456639    
 -0.223681152    
  -1.09352279    
  0.429981858    
  0.192565739    
 -0.339594483    
 -0.730669975    
 -0.666629076    
  -1.99001479    
  -2.09478760    
 -0.122876845    
  -1.04347277    
  0.996133029    
  0.549989998    
  0.844366550    
  -1.03071845    
  -1.14667749    
  0.635180295    
  -1.03985465    
  0.664180100    
 -0.350725651    
  -1.37558520    
   1.05963910    
  0.278379053    
 -0.897857189    
  0.191785350    
 -0.357753783    
  -1.95096210E-02
   1.61885381    
   1.70252752    
   1.66016161    
 -0.281574965    
 -0.217359319    
 -0.347475827    
  0.358701259    
  -1.54778934    
  -1.39741552    
  0.189504191    
  0.285751551    
  0.269421250    
 -0.104270235    
 -0.155367851    
  -2.03430200    
  0.462481022    
  0.129022941    
  0.324932247    
  0.543090880    
  -1.58302820    
  0.741062164    
  -1.92250085    
  -1.40340221    
  0.529443800    
 -0.300448030    
 -0.904971659    
 -0.727227807    
 -0.314706385    
 -0.803107500    
  -1.01923561    
  0.924371719    
 -0.354127437    
   1.54250801    
  -1.61423886    
 -0.710244596    
  -1.27279937    
  0.859852850    
 -0.202747405    
  0.434516311    
 -0.389979124    
   1.27716160    
 -0.407702386    
 -0.122114845    
  0.436345845    
  0.209942877    
  0.281102657    
   1.20656824    
 -0.460599393    
  -1.05920839    
  0.116127640    
   2.07790422    
   1.60978878    
 -0.287748665    
  0.129246965    
 -0.746932626    
 -0.120458513    
  0.108275920    
  0.691711545    
  -1.04163146    
  -1.06111836    
 -0.612222612    
  0.937012553    
  -1.32260668    
  -1.02811849    
  -1.18619132    
 -0.861195445    
   1.13154733    
   1.45545340    
   1.01128805    
  0.832925260    
 -0.965612829    
 -0.761508226    
  -8.99084061E-02
   1.56185794    
   1.85463536    
 -0.113447987    
 -0.238702551    
   1.49170184    
 -0.100349613    
  0.403528631    
 -0.674652934    
  0.827536583    
 -0.806754291    
 -0.505993843    
 -0.144398883    
  -1.62317348    
   1.68225789    
   1.99353802    
   1.74801040    
 -0.732400894    
   1.50785565    
   1.28438032    
   2.08755374    
 -0.588568091    
  -1.77470278E-02
   1.71598017    
 -0.314584285    
  -1.04746211    
  -1.18397427    
   1.36959004    
 -0.913102090    
  0.565665841    
 -0.995814025    
   1.52535915    
  -1.72323060    
   1.06995916    
 -0.969569206    
 -0.735621870    
  0.457450479    
  0.132475838    
  0.919006765    
  0.554271817    
   1.43742180    
   1.39067578    
 -0.884352386    
 -0.859704137    
   3.95326950E-02
  0.499994665    
  0.197191909    
 -0.609090030    
  0.229891360    
  0.900387168    
 -0.829063356    
  -1.22217715    
  0.116142198    
  -2.01379609    
 -0.897550106    
   1.17821848    
  0.914716780    
   1.78660226    
  0.703792214    
  0.280102313    
 -0.952102184    
  -1.20777214    
  -1.05153120    
   1.17827630    
  -5.30431084E-02
  0.531961203    
  0.320164293    
   7.94314444E-02
  -1.48568034    
 -0.688340664    
   1.31625414    
   1.51866543    
  0.716006458    
   1.47218907    
   1.10041046    
  -1.82176733    
  -2.05086446    
  0.668306053    
  0.243598208    
 -0.329124928    
  0.645595670    
  0.540174425    
  0.650843382    
 -0.846774399    
   1.25666368    
  0.802114844    
 -0.947244823    
  -1.86339164    
  -1.11090839    
   1.44566178    
  0.608703792    
 -0.125787169    
   1.53654885    
  -1.44223499    
  0.201203734    
 -0.188494653    
 -0.849393487    
   1.56282425    
  -1.07119560    
   1.50930524    
   1.60745645    
   2.05106211    
  0.891992092    
   1.21927834    
   2.07460666    
 -0.100495979    
  -1.00989759    
  0.119173609    
 -0.455643177    
  0.177897125    
  0.836421072    
 -0.207893163    
   9.36714187E-02
  0.586624146    
  0.558616996    
   1.38818800    
  0.202673331    
   1.26041949    
   2.11550713    
  -1.68761373    
  -1.02048516    
  -1.05595887    
  0.814944983    
  0.992345512    
   1.56636047    
   9.85407829E-02
 -0.789078534    
   1.08498108    
 -0.693693817    
  -1.61346054    
  0.702621758    
 -0.680415094    
  0.254242748    
  0.411391854    
  0.703583479    
  0.628653049    
  0.321123242    
  0.637285411    
 -0.900853097    
  0.755745590    
  0.298543900    
 -0.493123353    
 -0.723126352    
 -0.229784578    
 -0.186532557    
  0.241085872    
 -0.305302829    
 -0.624669075    
  -3.50748636E-02
 -0.895776808    
  0.514996350    
   1.22532630    
  -1.48773873    
  -6.83209673E-02
 -0.639283061    
 -0.630170166    
 -0.305503100    
  0.498295158    
  0.718238056    
 -0.740141511    
  0.309705734    
  -1.29145217    
   1.19455695    
  0.613402009    
 -0.863773227    
  -1.35346198    
  -1.06388509    
  0.274511814    
 -0.424620748    
 -0.722645342    
 -0.219634846    
 -0.332734406    
 -0.192257419    
   1.45009565    
  0.603584349    
  0.705599010    
  -1.03261316    
  -1.62304401    
   1.26619399    
   1.78074205    
  0.781222224    
  0.770138562    
  -1.37803543    
   1.84000814    
   1.90600371    
 -0.471038550    
  -1.01072097    
  0.884578705    
  0.245283917    
  0.367194921    
  0.185911566    
   1.43419194    
  -2.03898096    
 -0.793212712    
  0.464638531    
  -1.65093613    
   1.23912990    
   1.29510617    
 -0.613296270    
  0.120718814    
  0.938418031    
 -0.687615156    
 -0.297976047    
 -0.223983347    
 -0.535516024    
  0.944809854    
 -0.612539887    
  0.659120381    
  -2.13736701    
  -1.75811112    
  -1.14781535    
  0.861556947    
   1.73480320    
  -2.99173575E-02
 -0.166131169    
 -0.632623494    
   2.30976511E-02
   6.91693127E-02
 -0.267199367    
  0.186284781    
 -0.714307487    
   1.21963716    
  0.225594968    
 -0.608217180    
  -9.23308283E-02
  0.911059260    
 -0.549309731    
 -0.461715698    
 -0.265981108    
 -0.439774722    
   1.03537810    
 -0.692245662    
 -0.906330168    
 -0.911951542    
  -8.85389522E-02
  0.305252224    
  0.600413263    
  0.274459451    
   1.67496026    
 -0.955106735    
  -1.17022455    
  -1.06562424    
  0.510137498    
  -1.58362317    
   1.90549719    
   1.28933811    
  0.100553460    
  0.244389087    
  -1.30696380    
  -1.09110904    
   1.07181370    
   1.19833434E-02
   1.47130811    
  0.207638741    
  -4.97823097E-02
  -1.34353554    
 -0.941947341    
  0.728914797    
 -0.810070276    
  0.984671354    
  0.427668244    
  -1.01097357    
  0.507716358    
  0.808546782    
   1.42127824    
  0.946689725    
 -0.435314089    
  -3.29444222E-02
  -1.65411186    
  -1.43790102    
  -7.82704353E-02
 -0.580165863    
  -1.36270797    
  0.313620210    
 -0.446496338    
 -0.286297202    
   1.85279325E-02
  0.248154655    
 -0.428497940    
  0.500109851    
 -0.834181309    
   1.37538636    
  0.561763108    
 -0.831987262    
  -1.09502614    
 -0.838986754    
  0.842189848    
 -0.128531456    
  0.935415268    
 -0.343156457    
  0.270183772    
 -0.296509266    
  0.606755257    
 -0.889151990    
  -9.73792523E-02
  0.297584444    
 -0.942757845    
 -0.138160586    
 -0.545623362    
 -0.620114446    
   1.25300586    
  -1.31604886    
 -0.502614260    
  0.746608436    
   1.53177226    
   8.56212154E-03
 -0.667741001    
 -0.329742581    
 -0.371227175    
   1.73706436    
   1.45566237    
  0.187683359    
  -1.32573569    
 -0.743582368    
  -2.09645700    
   1.80904472    
   1.48924947    
 -0.703545451    
 -0.150852025    
 -0.190201059    
 -0.880015612    
  -1.63089061    
 -0.232166648    
  -1.40828073    
   1.06396711    
  0.822614074    
   1.51466846    
  0.514237463    
   1.71887267    
  0.782148957    
  -1.06057167    
  -1.02857375    
  0.649674714    
  -1.46117139    
   1.97852576    
  0.259382874    
   1.28624439    
 -0.501190424    
 -0.549162865    
 -0.686032891    
  0.219593719    
  0.316457242    
 -0.609006286    
  0.736742496    
  -1.83733511    
  -1.32083082    
   1.83401990    
 -0.430404872    
  0.501088977    
   2.11260772    
  -2.07323194    
  -1.68884897    
   1.08697569    
 -0.854775548    
  -1.27953982    
 -0.978452206    
   1.58135402    
   1.13225341    
  -1.91911662    
   1.50034261    
 -0.270443559    
 -0.471703231    
  -1.54953766    
   1.41937388E-02
 -0.606058896    
  0.568878114    
   3.69618610E-02
 -0.657862306    
  0.905000031    
   9.01477691E-03
 -0.760710478    
   3.49662974E-02
  0.575345039    
   1.04933631    
  -1.50569808    
  0.216613412    
 -0.550187230    
  -1.14241719    
 -0.884936869    
   1.47851050    
 -0.860182881    
  -1.23248398    
 -0.599916399    
 -0.792625964    
  0.171818987    
  -1.52082264    
   1.84373736    
   1.22804224    
   1.28890848    
  0.469331652    
  0.548228681    
   1.34676778    
   1.77713025    
  -1.41283393    
   1.95486331    
   1.34033406    
   1.66481721    
 -0.932278633    
  -1.35751033    
  0.881261706    
  0.436570644    
 -0.862411678    
 -0.270311475    
   1.68039978    
  -1.09140098    
 -0.593131661    
 -0.385882497    
  0.655378580    
  0.163164899    
 -0.184288949    
   5.45127019E-02
  -1.20331097    
  0.781602561    
  -1.41295958    
  -1.56832516    
   1.27035141    
   2.17616558E-02
   1.80964422    
 -0.456207216    
  0.364318043    
  0.624090493    
  -1.94287360    
  -2.13690662    
 -0.609441280    
 -0.676984191    
  0.953160763    
   1.10686994    
   1.26234972    
   1.89801407    
  -1.94634342    
  -1.52593398    
   1.64991534    
   1.39844418    
  -1.03494871    
   1.95635486    
  -2.03861666    
 -0.353936374    
  -2.45268848E-02
   1.16609490    
 -0.255262762    
  0.312885284    
 -0.773669600    
 -0.523047626    
  0.951896787    
   1.74598157    
 -0.982845664    
   1.44821072    
 -0.972330868    
 -0.549639046    
  0.937503040    
   8.14124495E-02
 -0.593370020    
 -0.549025178    
  0.193463638    
  0.912048340    
  -5.59186935E-02
  0.217920542    
  0.739369512    
 -0.324535787    
   2.04013921E-02
  -1.68974388    
 -0.878498793    
   1.45851266    
 -0.134275213    
  0.843571305    
  -1.48854518    
 -0.992472470    
  -1.24686825    
 -0.602412403    
   1.05254173    
  -1.60235465    
   1.83850121    
   5.26172761E-03
   8.73403903E-03
  -2.13567328    
  0.405933172    
  0.292702556    
  0.394288808    
   1.97152400    
 -0.596316874    
   1.89696598    
  0.285158664    
 -0.962837398    
  0.368288487    
  -1.23831809    
   6.37236610E-02
  0.112892129    
   1.33447862    
  -2.04276967    
   2.05548882    
 -0.477205843    
 -0.893665552    
  0.106440015    
  0.191917926    
   1.38037562    
  -1.47382677    
  -1.67768288    
 -0.606416762    
   1.35476148    
  -1.86810315    
  0.154643133    
   8.81072432E-02
  -1.26570380    
   1.93273079    
 -0.656865835    
 -0.444085151    
  0.470656127    
   1.41512239    
   1.99253941    
   1.48914683    
  -1.99251497    
   1.84153521    
  -1.01693523    
 -0.140640214    
  -1.66759419    
  0.585825861    
   1.56888843    
  -1.11179042    
  -1.27887058    
  0.528119028    
  -1.67163634    
  0.450345427    
  0.229020029    
   9.47754681E-02
   2.04724073E-02
  -1.08342826    
 -0.748651743    
  0.106696226    
   1.08101761    
  0.111124173    
 -0.611949563    
  0.885564744    
  0.219448626    
  -1.17052877    
  -1.96845937    
  0.875873268    
  0.244076923    
 -0.771691442    
 -0.763116300    
  -1.81726146    
   1.74101257    
  0.569656730    
 -0.351918072    
  0.811945498    
  0.456972539    
   1.22265458    
  0.701987743    
  -1.07949662    
  0.383472353    
  0.474249542    
 -0.939478397    
 -0.445064813    
   7.25509450E-02
  0.248152599    
 -0.365308672    
 -0.743844748    
 -0.193737477    
  0.259729534    
  0.866171122    
 -0.296535313    
 -0.955076337    
  0.272279203    
  -1.72558451    
   1.26075339    
